1095577
1095578
1095579
1095580
1095581
1095582
1095583
1095584
1095585
1095586
1095587
1095588
1095589
1095590
1095591
1095592
1095593
1095594
1095595
1095596
1095597
1095598
1095599
1095600
1095601
1095602
1095603
1095604
1095605
1095606
1095607
1095608
1095609
1095610
1095611
1095612
1095613
1095614
1095615
1095616
1095617
1095618
1095619
1095620
1095621
1095622
1095623
1095624
1095625
1095626
1095627
1095628
1095629
1095630
1095631
1095632
1095633
1095634
1095635
1095636
1095637
1095638
1095639
1095640
1095641
1095642
1095643
1095644
1095645
1095646
1095647
1095648
1095649
1095650
1095651
1095652
1095653
1095654
1095655
1095656
1095657
1095658
1095659
1095660
1095661
1095662
1095663
1095664
1095665
1095666
1095667
1095668
1095669
1095670
1095671
1095672
1095673
1095674
1095675
1095676
1095677
1095678
1095679
1095680
1095681
1095682
1095683
1095684
1095685
1095686
1095687
1095688
1095689
1095690
1095691
1095692
1095693
1095694
1095695
1095696
1095697
1095698
1095699
1095700
1095701
1095702
1095703
1095704
1095705
1095706
1095707
1095708
1095709
1095710
1095711
1095712
1095713
1095714
1095715
1095716
1095717
1095718
1095719
1095720
1095721
1095722
1095723
1095724
1095725
1095726
1095727
1095728
1095729
1095730
1095731
1095732
1095733
1095734
1095735
1095736
1095737
1095738
1095739
1095740
1095741
1095742
1095743
1095744
1095745
1095746
1095747
1095748
1095749
1095750
1095751
1095752
1095753
1095754
1095755
1095756
1095757
1095759
1095760
1095761
1095762
1095763
1095764
1095765
1095766
1095767
1095768
1095769
1095770
1095771
1095772
1095773
1095774
1095775
1095776
1095777
1095778
1095779
1095780
1095781
1095782
1095783
1095784
1095785
1095786
1095787
1095788
1095789
1095790
1095791
1095792
1095793
1095794
1095795
1095796
1095797
1095798
1095799
1095800
1095801
1095802
1095803
1095804
1095805
1095806
1095807
1095808
1095809
1095810
1095811
1095812
1095813
1095814
1095815
1095816
1095817
1095818
1095819
1095820
1095821
1095822
1095823
1095824
1095825
1095826
1095827
1095828
1095829
1095830
1095831
1095832
1095833
1095834
1095835
1095836
1095837
1095838
1095839
1095840
1095841
1095842
1095843
1095844
1095845
1095846
1095847
1095848
1095849
1095850
1095851
1095852
1095853
1095854
1095855
1095856
1095857
1095858
1095859
1095860
1095861
1095862
1095863
1095864
1095865
1095866
1095867
1095868
1095869
1095870
1095871
1095872
1095873
1095874
1095875
1095876
1095877
1095878
1095879
1095880
1095881
1095882
1095883
1095884
1095885
1095886
1095887
1095888
1095889
1095890
1095891
1095892
1095893
1095894
1095895
1095896
1095897
1095898
1095899
1095900
1095901
1095902
1095903
1095904
1095905
1095906
1095907
1095908
1095909
1095910
1095911
1095912
1095913
1095914
1095915
1095916
1095917
1095918
1095919
1095920
1095921
1095922
1095923
1095924
1095925
1095926
1095927
1095928
1095929
1095930
1095931
1095932
1095933
1095934
1095935
1095936
1095937
1095938
1095939
1095940
1095941
1095942
1095943
1095944
1095945
1095946
1095947
1095948
1095949
1095950
1095951
1095952
1095953
1095954
1095955
1095956
1095957
1095958
1095959
1095960
1095961
1095962
1095963
1095964
1095965
1095966
1095967
1095968
1095969
1095970
1095971
1095972
1095973
1095974
1095975
1095976
1095977
1095978
1095979
1095980
1095982
1095983
1095984
1095985
1095986
1095987
1095988
1095989
1095990
1095991
1095992
1095993
1095994
1095995
1095996
1095997
1095998
1095999
1096000
1096001
1096002
1096003
1096004
1096005
1096006
1096007
1096008
1096009
1096010
1096011
1096012
1096013
1096014
1096015
1096016
1096017
1096018
1096019
1096020
1096021
1096022
1096023
1096024
1096025
1096026
1096027
1096028
1096029
1096030
1096031
1096032
1096034
1096035
1096036
1096037
1096038
1096039
1096040
1096041
1096042
1096043
1096044
1096045
1096046
1096047
1096048
1096049
1096050
1096051
1096052
1096053
1096054
1096055
1096056
1096057
1096058
1096059
1096060
1096061
1096062
1096063
1096064
1096065
1096066
1096067
1096068
1096069
1096070
1096071
1096072
1096073
1096074
1096075
1096076
1096077
1096078
1096079
1096080
1096081
1096082
1096083
1096084
1096085
1096086
1096087
1096088
1096089
1096090
1096091
1096092
1096093
1096094
1096095
1096096
1096097
1096098
1096099
1096100
1096101
1096102
1096103
1096104
1096105
1096106
1096107
1096108
1096109
1096110
1096111
1096112
1096113
1096114
1096115
1096116
1096117
1096118
1096119
1096120
1096121
1096122
1096123
1096124
1096125
1096126
1096127
1096128
1096129
1096130
1096131
1096132
1096133
1096134
1096135
1096136
1096137
1096138
1096139
1096140
1096141
1096142
1096143
1096144
1096145
1096146
1096147
1096148
1096149
1096150
1096151
1096152
1096153
1096154
1096155
1096156
1096157
1096158
1096159
1096160
1096161
1096162
1096163
1096164
1096165
1096166
1096167
1096168
1096169
1096170
1096171
1096172
1096173
1096174
1096175
1096177
1096178
1096179
1096180
1096181
1096182
1096183
1096184
1096185
1096186
1096187
1096188
1096189
1096190
1096191
1096192
1096193
1096194
1096195
1096196
1096197
1096198
1096199
1096200
1096201
1096202
1096203
1096204
1096205
1096206
1096207
1096208
1096209
1096210
1096211
1096212
1096213
1096214
1096215
1096216
1096217
1096218
1096219
1096220
1096221
1096222
1096223
1096224
1096225
1096226
1096227
1096228
1096229
1096230
1096231
1096232
1096233
1096234
1096235
1096236
1096237
1096238
1096239
1096240
1096241
1096242
1096243
1096244
1096245
1096246
1096247
1096248
1096249
1096250
1096251
1096252
1096253
1096254
1096255
1096256
1096257
1096258
1096259
1096260
1096261
1096262
1096263
1096264
1096265
1096266
1096267
1096268
1096269
1096270
1096271
1096272
1096273
1096274
1096275
1096276
1096277
1096278
1096279
1096280
1096281
1096282
1096283
1096284
1096285
1096286
1096287
1096288
1096289
1096290
1096291
1096292
1096293
1096294
1096295
1096296
1096297
1096298
1096299
1096300
1096301
1096302
1096303
1096304
1096305
1096306
1096307
1096308
1096309
1096310
1096311
1096312
1096313
1096314
1096315
1096316
1096317
1096318
1096319
1096320
1096321
1096322
1096323
1096324
1096325
1096326
1096327
1096328
1096329
1096330
1096331
1096332
1096334
1096335
1096336
1096337
1096338
1096339
1096340
1096341
1096342
1096343
1096344
1096345
1096346
1096347
1096348
1096349
1096350
1096351
1096352
1096353
1096354
1096355
1096356
1096357
1096358
1096359
1096360
1096361
1096362
1096363
1096364
1096365
1096366
1096367
1096368
1096369
1096370
1096371
1096372
1096373
1096374
1096375
1096376
1096377
1096378
1096379
1096380
1096381
1096382
1096383
1096384
1096385
1096386
1096387
1096388
1096389
1096390
1096391
1096392
1096393
1096394
1096395
1096396
1096397
1096398
1096399
1096400
1096401
1096402
1096403
1096404
1096405
1096406
1096407
1096408
1096409
1096410
1096411
1096412
1096413
1096414
1096415
1096416
1096417
1096418
1096419
1096420
1096421
1096422
1096423
1096424
1096425
1096426
1096427
1096428
1096429
1096430
1096431
1096432
1096433
1096434
1096435
1096436
1096437
1096438
1096439
1096440
1096441
1096442
1096443
1096444
1096445
1096446
1096447
1096448
1096449
1096450
1096451
1096452
1096453
1096454
1096455
1096456
1096457
1096458
1096459
1096460
1096461
1096462
1096463
1096464
1096465
1096466
1096467
1096469
1096470
1096471
1096472
1096473
1096474
1096475
1096476
1096477
1096478
1096479
1096480
1096481
1096482
1096483
1096484
1096485
1096486
1096487
1096488
1096489
1096490
1096491
1096492
1096493
1096494
1096495
1096496
1096497
1096498
1096499
1096500
1096501
1096502
1096503
1096504
1096505
1096506
1096507
1096508
1096509
1096510
1096511
1096512
1096513
1096514
1096515
1096516
1096517
1096518
1096519
1096520
1096521
1096522
1096523
1096524
1096525
1096526
1096527
1096528
1096529
1096530
1096531
1096532
1096533
1096534
1096535
1096536
1096537
1096538
1096539
1096540
1096541
1096542
1096543
1096544
1096545
1096546
1096547
1096548
1096549
1096550
1096551
1096552
1096553
1096554
1096555
1096556
1096557
1096558
1096559
1096560
1096561
1096562
1096563
1096564
1096565
1096566
1096567
1096568
1096569
1096570
1096571
1096572
1096573
1096574
1096575
1096576
1096577
1096578
1096579
1096580
1096581
1096582
1096583
1096584
1096585
1096586
1096587
1096588
1096589
1096590
1096591
1096592
1096593
1096594
1096595
1096596
1096597
1096598
1096599
1096600
1096601
1096602
1096603
1096604
1096605
1096606
1096607
1096608
1096609
1096610
1096611
1096612
1096613
1096614
1096615
1096616
1096617
1096618
1096619
1096620
1096621
1096622
1096623
1096624
1096625
1096626
1096627
1096628
1096629
1096630
1096631
1096632
1096633
1096634
1096635
1096636
1096637
1096638
1096639
1096640
1096641
1096642
1096643
1096644
1096645
1096646
1096647
1096648
1096649
1096650
1096651
1096652
1096653
1096654
1096655
1096656
1096657
1096658
1096659
1096660
1096661
1096662
1096663
1096664
1096665
1096667
1096668
1096669
1096670
1096671
1096672
1096673
1096674
1096675
1096676
1096677
1096678
1096679
1096680
1096681
1096682
1096683
1096684
1096685
1096686
1096687
1096688
1096689
1096690
1096691
1096692
1096693
1096694
1096695
1096696
1096697
1096698
1096699
1096700
1096701
1096702
1096703
1096704
1096705
1096706
1096707
1096708
1096709
1096710
1096711
1096712
1096713
1096714
1096715
1096716
1096717
1096718
1096719
1096720
1096721
1096722
1096723
1096724
1096725
1096726
1096727
1096728
1096729
1096730
1096731
1096732
1096733
1096734
1096735
1096736
1096737
1096738
1096739
1096740
1096741
1096742
1096743
1096744
1096745
1096746
1096747
1096748
1096749
1096750
1096751
1096752
1096753
1096754
1096755
1096756
1096757
1096758
1096759
1096760
1096761
1096762
1096763
1096764
1096765
1096766
1096767
1096768
1096769
1096770
1096771
1096772
1096773
1096774
1096775
1096776
1096777
1096778
1096779
1096780
1096781
1096782
1096783
1096784
1096785
1096786
1096787
1096788
1096789
1096790
1096791
1096792
1096793
1096794
1096795
1096796
1096797
1096798
1096799
1096800
1096801
1096802
1096803
1096804
1096805
1096806
1096807
1096808
1096809
1096810
1096811
1096812
1096813
1096814
1096815
1096816
1096817
1096818
1096819
1096820
1096821
1096822
1096823
1096824
1096825
1096826
1096827
1096828
1096829
1096830
1096831
1096832
1096833
1096834
1096835
1096836
1096837
1096838
1096839
1096840
1096841
1096842
1096843
1096844
1096845
1096846
1096847
1096848
1096849
1096850
1096851
1096852
1096853
1096854
1096855
1096856
1096857
1096858
1096859
1096860
1096861
1096862
1096863
1096864
1096865
1096866
1096867
1096868
1096869
1096871
1096872
1096873
1096874
1096875
1096876
1096877
1096878
1096879
1096880
1096881
1096882
1096883
1096884
1096885
1096886
1096887
1096888
1096889
1096890
1096891
1096892
1096893
1096894
1096895
1096896
1096897
1096898
1096899
1096900
1096901
1096902
1096903
1096904
1096905
1096906
1096907
1096908
1096909
1096910
1096911
1096912
1096913
1096914
1096915
1096916
1096917
1096918
1096919
1096920
1096921
1096922
1096923
1096924
1096925
1096926
1096927
1096928
1096929
1096930
1096931
1096932
1096933
1096934
1096935
1096936
1096937
1096938
1096939
1096940
1096941
1096942
1096943
1096944
1096945
1096946
1096947
1096948
1096949
1096950
1096951
1096952
1096953
1096954
1096955
1096956
1096957
1096958
1096959
1096960
1096961
1096962
1096963
1096964
1096965
1096966
1096967
1096968
1096969
1096970
1096971
1096972
1096973
1096974
1096975
1096976
1096977
1096978
1096979
1096980
1096981
1096982
1096983
1096984
1096985
1096986
1096987
1096988
1096989
1096990
1096991
1096992
1096993
1096994
1096995
1096996
1096997
1096998
1096999
1097000
1097001
1097002
1097003
1097004
1097005
1097006
1097007
1097008
1097009
1097010
1097011
1097012
1097013
1097014
1097015
1097016
1097017
1097018
1097019
1097020
1097021
1097022
1097023
1097024
1097025
1097026
1097027
1097028
1097029
1097030
1097031
1097032
1097033
1097034
1097035
1097036
1097037
1097038
1097039
1097040
1097041
1097042
1097043
1097044
1097045
1097046
1097047
1097048
1097049
1097050
1097051
1097052
1097053
1097054
1097055
1097056
1097057
1097058
1097059
1097060
1097061
1097062
1097063
1097064
1097065
1097066
1097067
1097068
1097069
1097070
1097071
1097072
1097073
1097074
1097075
1097076
1097077
1097078
1097079
1097080
1097081
1097082
1097083
1097084
1097085
1097086
1097087
1097088
1097089
1097090
1097091
1097092
1097093
1097094
1097095
1097096
1097097
1097098
1097100
1097101
1097102
1097103
1097104
1097105
1097106
1097107
1097108
1097109
1097110
1097111
1097112
1097113
1097114
1097115
1097116
1097117
1097118
1097119
1097120
1097121
1097122
1097123
1097124
1097125
1097126
1097127
1097128
1097129
1097130
1097131
1097132
1097133
1097134
1097135
1097136
1097137
1097138
1097139
1097140
1097141
1097142
1097143
1097144
1097145
1097146
1097147
1097148
1097149
1097150
1097151
1097152
1097153
1097154
1097155
1097156
1097157
1097158
1097159
1097160
1097161
1097162
1097163
1097164
1097165
1097166
1097167
1097168
1097169
1097170
1097171
1097172
1097173
1097174
1097175
1097176
1097177
1097178
1097179
1097180
1097181
1097182
1097183
1097184
1097185
1097186
1097187
1097188
1097189
1097190
1097191
1097192
1097193
1097194
1097195
1097196
1097197
1097198
1097199
1097200
1097201
1097202
1097203
1097204
1097205
1097206
1097207
1097208
1097209
1097210
1097211
1097212
1097213
1097214
1097215
1097216
1097217
1097218
1097219
1097220
1097221
1097222
1097223
1097224
1097225
1097227
1097228
1097229
1097230
1097231
1097232
1097233
1097234
1097235
1097236
1097237
1097238
1097239
1097240
1097241
1097242
1097243
1097244
1097245
1097246
1097247
1097248
1097249
1097250
1097251
1097252
1097253
1097254
1097255
1097256
1097257
1097258
1097259
1097260
1097261
1097262
1097263
1097264
1097265
1097266
1097267
1097268
1097269
1097270
1097271
1097272
1097273
1097274
1097275
1097276
1097277
1097278
1097279
1097280
1097281
1097282
1097283
1097284
1097285
1097286
1097287
1097288
1097289
1097290
1097291
1097292
1097293
1097294
1097295
1097296
1097297
1097298
1097299
1097300
1097301
1097302
1097303
1097304
1097305
1097306
1097307
1097308
1097309
1097310
1097311
1097312
1097313
1097314
1097315
1097316
1097317
1097318
1097319
1097320
1097321
1097322
1097323
1097324
1097325
1097326
1097327
1097328
1097329
1097330
1097331
1097332
1097333
1097334
1097335
1097336
1097337
1097338
1097339
1097340
1097341
1097342
1097343
1097345
1097346
1097347
1097348
1097349
1097350
1097351
1097352
1097353
1097354
1097355
1097356
1097357
1097358
1097359
1097360
1097361
1097362
1097363
1097364
1097365
1097366
1097367
1097368
1097369
1097370
1097371
1097372
1097373
1097374
1097375
1097376
1097377
1097378
1097379
1097380
1097381
1097382
1097383
1097384
1097385
1097386
1097387
1097388
1097389
1097390
1097391
1097392
1097393
1097394
1097395
1097396
1097397
1097398
1097399
1097400
1097401
1097402
1097403
1097404
1097405
1097406
1097407
1097408
1097409
1097410
1097411
1097412
1097413
1097414
1097415
1097416
1097417
1097418
1097419
1097420
1097421
1097422
1097423
1097424
1097425
1097426
1097427
1097428
1097429
1097430
1097431
1097432
1097433
1097434
1097435
1097436
1097437
1097438
1097439
1097440
1097441
1097442
1097443
1097444
1097445
1097446
1097447
1097448
1097449
1097450
1097451
1097452
1097453
1097454
1097455
1097456
1097457
1097458
1097459
1097460
1097461
1097462
1097463
1097464
1097465
1097466
1097467
1097468
1097469
1097470
1097471
1097472
1097473
1097474
1097475
1097476
1097477
1097478
1097479
1097480
1097481
1097482
1097483
1097484
1097485
1097486
1097487
1097488
1097489
1097490
1097491
1097492
1097493
1097494
1097495
1097496
1097497
1097498
1097499
1097500
1097501
1097502
1097503
1097504
1097505
1097506
1097507
1097508
1097509
1097510
1097511
1097512
1097513
1097514
1097515
1097516
1097517
1097518
1097519
1097520
1097521
1097522
1097523
1097524
1097525
1097526
1097527
1097528
1097529
1097530
1097531
1097532
1097533
1097534
1097535
1097536
1097537
1097538
1097539
1097540
1097541
1097542
1097543
1097544
1097545
1097546
1097547
1097548
1097549
1097550
1097551
1097552
1097553
1097554
1097555
1097556
1097557
1097558
1097559
1097560
1097561
1097562
1097563
1097564
1097565
1097566
1097567
1097568
1097569
1097570
1097571
1097572
1097573
1097574
1097575
1097576
1097577
1097578
1097579
1097580
1097581
1097582
1097583
1097584
1097585
1097586
1097587
1097588
1097589
1097590
1097591
1097592
1097593
1097594
1097595
1097596
1097597
1097598
1097599
1097600
1097601
1097602
1097603
1097604
1097605
1097606
1097607
1097608
1097609
1097610
1097612
1097613
1097614
1097615
1097616
1097617
1097618
1097619
1097620
1097621
1097622
1097623
1097624
1097625
1097626
1097627
1097628
1097629
1097630
1097631
1097632
1097633
1097634
1097635
1097636
1097637
1097638
1097639
1097640
1097641
1097642
1097643
1097644
1097645
1097646
1097647
1097648
1097649
1097650
1097651
1097652
1097653
1097654
1097655
1097656
1097657
1097658
1097659
1097660
1097661
1097662
1097663
1097664
1097665
1097666
1097667
1097668
1097669
1097670
1097671
1097672
1097673
1097674
1097675
1097676
1097677
1097678
1097679
1097680
1097681
1097682
1097683
1097684
1097685
1097686
1097687
1097688
1097689
1097690
1097691
1097692
1097693
1097694
1097695
1097696
1097697
1097698
1097699
1097700
1097701
1097702
1097703
1097704
1097705
1097706
1097707
1097708
1097709
1097710
1097711
1097712
1097713
1097714
1097715
1097716
1097717
1097718
1097719
1097720
1097721
1097722
1097723
1097724
1097725
1097726
1097727
1097728
1097729
1097730
1097731
1097732
1097733
1097734
1097735
1097736
1097737
1097738
1097739
1097740
1097741
1097742
1097743
1097744
1097745
1097746
1097747
1097748
1097749
1097750
1097751
1097752
1097753
1097754
1097755
1097756
1097757
1097758
1097759
1097760
1097761
1097762
1097763
1097764
1097765
1097766
1097767
1097768
1097769
1097770
1097771
1097772
1097773
1097774
1097775
1097776
1097777
1097778
1097779
1097780
1097781
1097782
1097783
1097784
1097785
1097786
1097787
1097788
1097789
1097790
1097791
1097792
1097793
1097794
1097795
1097796
1097797
1097798
1097799
1097800
1097801
1097802
1097803
1097804
1097805
1097807
1097808
1097809
1097810
1097811
1097812
1097813
1097814
1097815
1097816
1097817
1097818
1097819
1097820
1097821
1097822
1097823
1097824
1097825
1097826
1097827
1097828
1097829
1097830
1097831
1097832
1097833
1097834
1097835
1097836
1097837
1097838
1097839
1097840
1097841
1097842
1097843
1097844
1097845
1097846
1097847
1097848
1097849
1097850
1097851
1097852
1097853
1097854
1097855
1097856
1097857
1097858
1097859
1097860
1097861
1097862
1097863
1097864
1097865
1097866
1097867
1097868
1097869
1097870
1097871
1097872
1097873
1097874
1097875
1097876
1097877
1097878
1097879
1097880
1097881
1097882
1097883
1097884
1097885
1097886
1097887
1097888
1097889
1097890
1097891
1097892
1097893
1097894
1097895
1097896
1097897
1097898
1097899
1097900
1097901
1097902
1097903
1097904
1097905
1097906
1097907
1097908
1097909
1097910
1097911
1097912
1097913
1097914
1097915
1097916
1097917
1097918
1097919
1097920
1097921
1097922
1097923
1097924
1097925
1097926
1097927
1097928
1097929
1097930
1097931
1097932
1097933
1097934
1097935
1097936
1097937
1097938
1097939
1097940
1097941
1097942
1097943
1097944
1097945
1097946
1097947
1097948
1097949
1097950
1097951
1097952
1097953
1097954
1097955
1097956
1097957
1097958
1097959
1097960
1097961
1097962
1097963
1097964
1097965
1097966
1097967
1097968
1097969
1097970
1097971
1097972
1097973
1097974
1097975
1097976
1097977
1097978
1097980
1097981
1097982
1097983
1097984
1097985
1097986
1097987
1097988
1097989
1097990
1097991
1097992
1097993
1097994
1097995
1097996
1097997
1097998
1097999
1098000
1098001
1098002
1098003
1098004
1098005
1098006
1098007
1098008
1098009
1098010
1098011
1098012
1098013
1098014
1098015
1098016
1098017
1098018
1098019
1098020
1098021
1098022
1098023
1098024
1098025
1098026
1098027
1098028
1098029
1098030
1098031
1098032
1098033
1098034
1098035
1098036
1098037
1098038
1098039
1098040
1098041
1098042
1098043
1098044
1098045
1098046
1098047
1098048
1098049
1098050
1098051
1098052
1098053
1098054
1098055
1098056
1098057
1098058
1098059
1098060
1098061
1098062
1098063
1098064
1098065
1098066
1098067
1098068
1098069
1098070
1098071
1098072
1098073
1098074
1098075
1098076
1098077
1098078
1098079
1098080
1098081
1098082
1098083
1098084
1098085
1098086
1098087
1098088
1098089
1098090
1098091
1098092
1098093
1098094
1098095
1098096
1098097
1098098
1098099
1098100
1098101
1098102
1098103
1098104
1098105
1098106
1098107
1098108
1098109
1098110
1098111
1098112
1098113
1098114
1098115
1098116
1098117
1098118
1098119
1098120
1098121
1098122
1098123
1098124
1098125
1098126
1098127
1098128
1098129
1098130
1098131
1098132
1098133
1098134
1098135
1098136
1098137
1098138
1098139
1098140
1098141
1098142
1098143
1098144
1098145
1098146
1098147
1098148
1098149
1098150
1098151
1098152
1098153
1098154
1098155
1098156
1098157
1098158
1098159
1098160
1098161
1098162
1098163
1098164
1098165
1098166
1098167
1098168
1098169
1098170
1098171
1098172
1098173
1098174
1098175
1098176
1098177
1098178
1098179
1098180
1098181
1098182
1098183
1098184
1098185
1098186
1098187
1098188
1098189
1098190
1098191
1098192
1098193
1098194
1098195
1098197
1098198
1098199
1098200
1098201
1098202
1098203
1098204
1098205
1098206
1098207
1098208
1098209
1098210
1098211
1098212
1098213
1098214
1098215
1098216
1098217
1098218
1098219
1098220
1098221
1098222
1098223
1098224
1098225
1098226
1098227
1098228
1098229
1098230
1098231
1098232
1098233
1098234
1098235
1098236
1098237
1098238
1098239
1098240
1098241
1098242
1098243
1098244
1098245
1098246
1098247
1098248
1098249
1098250
1098251
1098252
1098253
1098254
1098255
1098256
1098257
1098258
1098259
1098260
1098261
1098262
1098263
1098264
1098265
1098266
1098267
1098268
1098269
1098270
1098271
1098272
1098273
1098274
1098275
1098276
1098277
1098278
1098279
1098280
1098281
1098282
1098283
1098284
1098285
1098286
1098287
1098288
1098289
1098290
1098291
1098292
1098293
1098294
1098295
1098296
1098297
1098298
1098299
1098300
1098301
1098302
1098303
1098304
1098305
1098306
1098307
1098308
1098309
1098310
1098311
1098312
1098313
1098314
1098315
1098316
1098317
1098318
1098319
1098320
1098321
1098322
1098323
1098324
1098325
1098326
1098327
1098328
1098329
1098330
1098331
1098332
1098333
1098334
1098335
1098336
1098337
1098338
1098339
1098340
1098341
1098342
1098343
1098344
1098345
1098346
1098347
1098348
1098349
1098350
1098351
1098352
1098353
1098354
1098355
1098356
1098357
1098358
1098359
1098360
1098361
1098362
1098363
1098364
1098365
1098366
1098367
1098368
1098369
1098370
1098371
1098372
1098373
1098374
1098375
1098376
1098377
1098378
1098379
1098380
1098381
1098382
1098383
1098384
1098385
1098386
1098387
1098388
1098389
1098390
1098391
1098392
1098393
1098394
1098395
1098396
1098397
1098398
1098399
1098400
1098401
1098402
1098403
1098404
1098405
1098406
1098407
1098408
1098409
1098410
1098411
1098412
1098413
1098414
1098415
1098416
1098417
1098418
1098419
1098420
1098421
1098422
1098423
1098424
1098425
1098426
1098427
1098428
1098429
1098430
1098431
1098432
1098433
1098434
1098435
1098436
1098437
1098438
1098439
1098440
1098441
1098442
1098443
1098444
1098445
1098446
1098447
1098448
1098449
1098450
1098451
1098452
1098453
1098454
1098455
1098456
1098457
1098458
1098459
1098460
1098461
1098462
1098463
1098464
1098465
1098466
1098467
1098468
1098469
1098470
1098471
1098472
1098473
1098474
1098475
1098476
1098477
1098478
1098479
1098480
1098481
1098482
1098483
1098484
1098485
1098486
1098487
1098488
1098489
1098490
1098491
1098492
1098494
1098495
1098496
1098497
1098498
1098499
1098500
1098501
1098502
1098503
1098504
1098505
1098506
1098507
1098508
1098509
1098510
1098511
1098512
1098513
1098514
1098515
1098516
1098517
1098518
1098519
1098520
1098521
1098522
1098523
1098524
1098525
1098526
1098527
1098528
1098529
1098530
1098531
1098532
1098533
1098534
1098535
1098536
1098537
1098538
1098539
1098540
1098541
1098542
1098543
1098544
1098545
1098546
1098547
1098548
1098549
1098550
1098551
1098552
1098553
1098554
1098555
1098556
1098557
1098558
1098559
1098560
1098561
1098562
1098563
1098564
1098565
1098566
1098567
1098568
1098569
1098570
1098571
1098572
1098573
1098574
1098575
1098576
1098577
1098578
1098579
1098580
1098581
1098582
1098583
1098584
1098585
1098586
1098587
1098588
1098589
1098590
1098591
1098592
1098593
1098594
1098595
1098596
1098597
1098598
1098599
1098600
1098601
1098602
1098603
1098604
1098605
1098606
1098607
1098608
1098609
1098610
1098611
1098612
1098613
1098614
1098615
1098616
1098617
1098618
1098619
1098620
1098621
1098622
1098623
1098624
1098625
1098626
1098627
1098628
1098629
1098630
1098631
1098632
1098633
1098634
1098635
1098636
1098637
1098638
1098639
1098640
1098641
1098642
1098643
1098644
1098645
1098646
1098647
1103762
1103763
1103764
1103765
1103766
1103767
1103768
1103769
1103770
1103771
1103772
1103773
1103774
1103775
1103776
1103777
1103778
1103779
1103780
1103781
1103782
1103783
1103784
1103785
1103786
1103787
1103788
1103789
1103790
1103791
1103792
1103793
1103794
1103795
1103796
1103797
1103798
1103799
1103800
1103801
1103802
1103803
1103804
1103805
1103806
1103807
1103808
1103809
1103810
1103811
1103812
1103813
1103814
1103815
1103816
1103817
1103818
1103819
1103820
1103821
1103822
1103823
1103824
1103825
1103826
1103827
1103828
1103829
1103830
1103831
1103832
1103833
1103834
1103835
1103836
1103837
1103838
1103839
1103840
1103841
1103842
1103843
1103844
1103845
1103846
1103847
1103848
1103849
1103850
1103851
1103852
1103853
1103854
1103855
1103856
1103857
1103858
1103859
1103860
1103861
1103862
1103863
1103864
1103865
1103866
1103867
1103868
1103869
1103870
1103871
1103872
1103873
1103874
1103875
1103876
1103877
1103878
1103879
1103880
1103881
1103882
1103883
1103884
1103885
1103886
1103887
1103888
1103889
1103890
1103891
1103892
1103893
1103894
1103895
1103896
1103897
1103898
1103899
1103900
1103901
1103902
1103903
1103904
1103905
1103906
1103907
1103908
1103909
1103910
1103911
1103912
1103913
1103914
1103915
1103916
1103917
1103918
1103919
1103920
1103921
1103922
1103923
1103924
1103925
1103926
1103927
1103928
1103929
1103930
1103931
1103932
1103933
1103934
1103935
1103936
1103937
1103938
1103939
1103940
1103941
1103942
1103943
1103944
1103945
1103946
1103947
1103948
1103949
1103950
1103951
1103952
1103953
1103954
1103955
1103956
1103957
1103958
1103959
1103960
1103961
1103962
1103963
1103964
1103965
1103966
1103967
1103968
1103969
1103970
1103971
1103972
1103973
1103974
1103975
1103976
1103977
1103978
1103979
1103980
1103981
1103982
1103983
1103984
1103985
1103986
1103987
1103988
1103989
1103990
1103991
1103992
1103993
1103994
1103995
1103996
1103997
1103998
1103999
1104000
1104001
1104002
1104003
1104004
1104005
1104006
1104007
1104008
1104009
1104010
1104011
1104012
1104013
1104014
1104015
1104016
1104017
1104018
1104019
1104020
1104021
1104022
1104023
1104024
1104025
1104026
1104027
1104028
1104029
1104030
1104031
1104032
1104033
1104034
1104035
1104036
1104037
1104038
1104039
1104040
1104041
1104042
1104043
1104044
1104045
1104046
1104047
1104048
1104049
1104050
1104051
1104052
1104053
1104054
1104055
1104056
1104057
1104058
1104059
1104060
1104061
1104062
1104063
1104064
1104065
1104066
1104067
1104068
1104069
1104070
1104071
1104072
1104073
1104074
1104075
1104076
1104077
1104078
1104079
1104080
1104081
1104082
1104083
1104084
1104085
1104086
1104087
1104088
1104089
1104090
1104091
1104092
1104093
1104094
1104095
1104096
1104097
1104098
1104099
1104100
1104101
1104102
1104103
1104104
1104105
1104106
1104107
1104108
1104109
1104110
1104111
1104112
1104113
1104114
1104115
1104116
1104117
1104118
1104119
1104120
1104121
1104122
1104123
1104124
1104125
1104126
1104127
1104128
1104129
1104130
1104131
1104132
1104133
1104134
1104135
1104136
1104137
1104138
1104139
1104140
1104141
1104142
1104143
1104144
1104145
1104146
1104147
1104148
1104149
1104150
1104151
1104152
1104153
1104154
1104155
1104156
1104157
1104158
1104159
1104160
1104161
1104162
1104164
1104165
1104166
1104167
1104168
1104169
1104170
1104171
1104172
1104173
1104174
1104175
1104176
1104177
1104178
1104179
1104180
1104181
1104182
1104183
1104184
1104185
1104186
1104187
1104188
1104189
1104190
1104191
1104192
1104193
1104194
1104195
1104196
1104197
1104198
1104199
1104200
1104201
1104202
1104203
1104204
1104205
1104206
1104207
1104208
1104209
1104210
1104211
1104212
1104213
1104214
1104215
1104216
1104217
1104218
1104219
1104220
1104221
1104222
1104223
1104224
1104225
1104226
1104227
1104228
1104229
1104230
1104231
1104232
1104233
1104234
1104235
1104236
1104237
1104238
1104239
1104240
1104241
1104242
1104243
1104244
1104245
1104246
1104247
1104248
1104249
1104250
1104251
1104252
1104253
1104254
1104255
1104256
1104257
1104258
1104259
1104260
1104261
1104262
1104263
1104264
1104265
1104266
1104267
1104268
1104269
1104270
1104271
1104272
1104273
1104274
1104275
1104276
1104277
1104278
1104279
1104280
1104281
1104282
1104283
1104284
1104285
1104286
1104287
1104288
1104289
1104290
1104291
1104292
1104293
1104294
1104295
1104296
1104297
1104298
1104299
1104300
1104301
1104302
1104303
1104304
1104305
1104306
1104307
1104308
1104309
1104310
1104311
1104312
1104313
1104314
1104315
1104316
1104317
1104318
1104319
1104320
1104321
1104322
1104323
1104324
1104325
1104326
1104327
1104328
1104329
1104330
1104331
1104332
1104333
1104334
1104335
1104336
1104337
1104338
1104339
1104340
1104341
1104342
1104343
1104344
1104345
1104346
1104347
1104348
1104349
1104350
1104351
1104352
1104353
1104354
1104355
1104356
1104357
1104358
1104359
1104360
1104361
1104362
1104363
1104364
1104365
1104366
1104367
1104368
1104369
1104370
1104371
1104372
1104373
1104374
1104375
1104376
1104377
1104378
1104379
1104380
1104381
1104382
1104383
1104384
1104385
1104386
1104387
1104388
1104389
1104390
1104391
1104392
1104393
1104394
1104395
1104396
1104397
1104398
1104399
1104400
1104401
1104402
1104403
1104404
1104405
1104406
1104407
1104408
1104409
1104410
1104411
1104412
1104413
1104414
1104415
1104416
1104417
1104418
1104419
1104420
1104421
1104422
1104423
1104424
1104425
1104426
1104427
1104428
1104429
1104430
1104431
1104432
1104433
1104434
1104435
1104436
1104437
1104438
1104439
1104440
1104441
1104442
1104443
1104444
1104445
1104446
1104447
1104448
1104449
1104450
1104451
1104452
1104453
1104454
1104455
1104456
1104457
1104458
1104459
1104460
1104461
1104462
1104463
1104464
1104465
1104466
1104467
1104468
1104469
1104470
1104471
1104472
1104473
1104474
1104475
1104476
1104477
1104478
1104479
1104480
1104481
1104482
1104483
1104484
1104485
1104486
1104487
1104488
1104489
1104490
1104491
1104492
1104493
1104495
1104496
1104497
1104498
1104499
1104500
1104501
1104502
1104503
1104504
1104505
1104506
1104507
1104508
1104509
1104510
1104511
1104512
1104513
1104514
1104515
1104516
1104517
1104518
1104519
1104520
1104521
1104522
1104523
1104524
1104525
1104526
1104527
1104528
1104529
1104530
1104531
1104532
1104533
1104534
1104535
1104536
1104537
1104538
1104539
1104540
1104541
1104542
1104543
1104544
1104545
1104546
1104547
1104548
1104549
1104550
1104551
1104552
1104553
1104554
1104555
1104556
1104557
1104558
1104559
1104560
1104561
1104562
1104563
1104564
1104565
1104566
1104567
1104568
1104569
1104570
1104571
1104572
1104573
1104574
1104575
1104576
1104577
1104578
1104579
1104580
1104581
1104582
1104583
1104584
1104585
1104586
1104587
1104588
1104589
1104590
1104591
1104592
1104593
1104594
1104595
1104596
1104597
1104598
1104599
1104600
1104601
1104602
1104603
1104604
1104605
1104606
1104607
1104608
1104609
1104610
1104611
1104612
1104613
1104614
1104615
1104616
1104617
1104618
1104619
1104620
1104621
1104622
1104623
1104624
1104625
1104626
1104627
1104628
1104629
1104630
1104631
1104632
1104633
1104634
1104635
1104636
1104638
1104639
1104640
1104641
1104642
1104643
1104644
1104645
1104646
1104647
1104648
1104649
1104650
1104651
1104652
1104653
1104654
1104655
1104656
1104657
1104658
1104659
1104660
1104661
1104662
1104663
1104664
1104665
1104666
1104667
1104668
1104669
1104670
1104671
1104672
1104673
1104674
1104675
1104676
1104677
1104678
1104679
1104680
1104681
1104682
1104683
1104684
1104685
1104686
1104687
1104688
1104689
1104690
1104691
1104692
1104693
1104694
1104695
1104696
1104697
1104698
1104699
1104700
1104701
1104702
1104704
1104705
1104706
1104707
1104708
1104709
1104710
1104711
1104712
1104713
1104714
1104715
1104716
1104717
1104718
1104719
1104720
1104721
1104722
1104723
1104724
1104725
1104726
1104727
1104728
1104729
1104730
1104731
1104732
1104733
1104734
1104735
1104736
1104737
1104738
1104739
1104740
1104741
1104742
1104743
1104744
1104745
1104746
1104747
1104748
1104749
1104750
1104751
1104752
1104753
1104754
1104755
1104756
1104757
1104758
1104759
1104760
1104761
1104762
1104763
1104764
1104765
1104766
1104767
1104768
1104769
1104770
1104771
1104772
1104773
1104774
1104775
1104776
1104777
1104778
1104779
1104780
1104781
1104782
1104783
1104784
1104785
1104786
1104787
1104788
1104789
1104790
1104791
1104792
1104793
1104794
1104795
1104796
1104797
1104798
1104799
1104800
1104801
1104802
1104803
1104804
1104805
1104806
1104807
1104808
1104809
1104810
1104811
1104812
1104813
1104814
1104815
1104816
1104817
1104818
1104819
1104820
1104821
1104822
1104823
1104824
1104825
1104826
1104827
1104828
1104829
1104830
1104831
1104832
1104833
1104834
1104835
1104836
1104837
1104838
1104839
1104840
1104841
1104842
1104843
1104844
1104845
1104846
1104847
1104848
1104849
1104850
1104851
1104852
1104853
1104854
1104855
1104856
1104857
1104858
1104859
1104860
1104861
1104862
1104863
1104864
1104865
1104867
1104868
1104869
1104870
1104871
1104872
1104873
1104874
1104875
1104876
1104877
1104878
1104879
1104880
1104881
1104882
1104883
1104884
1104885
1104886
1104887
1104888
1104889
1104890
1104891
1104892
1104893
1104894
1104895
1104896
1104897
1104898
1104899
1104900
1104901
1104902
1104903
1104904
1104905
1104906
1104907
1104908
1104909
1104910
1104911
1104912
1104913
1104914
1104915
1104916
1104917
1104918
1104919
1104920
1104921
1104922
1104923
1104924
1104925
1104926
1104927
1104928
1104929
1104930
1104931
1104932
1104933
1104934
1104935
1104936
1104937
1104938
1104939
1104940
1104941
1104942
1104943
1104944
1104945
1104946
1104947
1104948
1104949
1104950
1104951
1104952
1104953
1104954
1104955
1104956
1104957
1104958
1104959
1104960
1104961
1104962
1104963
1104964
1104965
1104966
1104967
1104968
1104969
1104970
1104971
1104972
1104973
1104974
1104975
1104976
1104977
1104978
1104979
1104980
1104981
1104982
1104983
1104984
1104985
1104986
1104987
1104988
1104989
1104990
1104991
1104992
1104993
1104994
1104995
1104996
1104997
1104998
1104999
1105000
1105001
1105002
1105003
1105004
1105005
1105006
1105007
1105008
1105009
1105010
1105011
1105012
1105013
1105014
1105015
1105016
1105017
1105018
1105019
1105020
1105021
1105022
1105023
1105024
1105025
1105026
1105027
1105028
1105029
1105030
1105031
1105032
1105033
1105034
1105035
1105036
1105037
1105038
1105039
1105041
1105042
1105043
1105044
1105045
1105046
1105047
1105048
1105049
1105050
1105051
1105052
1105053
1105054
1105055
1105056
1105057
1105058
1105059
1105060
1105061
1105062
1105063
1105064
1105065
1105066
1105067
1105068
1105069
1105070
1105071
1105072
1105073
1105074
1105075
1105076
1105077
1105078
1105079
1105080
1105081
1105082
1105083
1105084
1105085
1105086
1105087
1105088
1105089
1105090
1105091
1105092
1105093
1105094
1105095
1105096
1105097
1105098
1105099
1105100
1105101
1105102
1105103
1105104
1105105
1105106
1105107
1105108
1105109
1105110
1105111
1105112
1105113
1105114
1105115
1105116
1105117
1105118
1105119
1105120
1105121
1105122
1105123
1105124
1105125
1105126
1105127
1105128
1105129
1105130
1105131
1105132
1105133
1105134
1105135
1105136
1105137
1105138
1105139
1105140
1105141
1105142
1105143
1105144
1105145
1105146
1105147
1105148
1105149
1105150
1105151
1105152
1105153
1105154
1105155
1105156
1105157
1105158
1105159
1105160
1105161
1105162
1105163
1105164
1105165
1105166
1105167
1105168
1105169
1105170
1105171
1105172
1105173
1105174
1105175
1105176
1105177
1105178
1105179
1105180
1105181
1105182
1105183
1105184
1105185
1105186
1105187
1105188
1105189
1105190
1105192
1105193
1105194
1105195
1105196
1105197
1105198
1105199
1105200
1105201
1105202
1105203
1105204
1105205
1105206
1105207
1105208
1105209
1105210
1105211
1105212
1105213
1105214
1105215
1105216
1105217
1105218
1105219
1105220
1105221
1105222
1105223
1105224
1105225
1105226
1105227
1105228
1105229
1105230
1105231
1105232
1105233
1105234
1105235
1105236
1105237
1105238
1105239
1105240
1105241
1105242
1105243
1105244
1105245
1105246
1105247
1105248
1105249
1105250
1105251
1105252
1105253
1105254
1105255
1105256
1105257
1105258
1105259
1105260
1105261
1105262
1105263
1105264
1105265
1105266
1105267
1105268
1105269
1105270
1105271
1105272
1105273
1105274
1105275
1105276
1105277
1105278
1105279
1105280
1105281
1105282
1105283
1105284
1105285
1105286
1105287
1105288
1105289
1105290
1105291
1105292
1105293
1105294
1105295
1105296
1105297
1105298
1105299
1105300
1105301
1105302
1105303
1105304
1105305
1105306
1105307
1105308
1105309
1105310
1105311
1105312
1105313
1105314
1105315
1105316
1105317
1105318
1105319
1105320
1105321
1105322
1105323
1105324
1105325
1105326
1105327
1105328
1105329
1105330
1105331
1105332
1105333
1105334
1105335
1105336
1105337
1105338
1105339
1105340
1105341
1105342
1105343
1105344
1105345
1105346
1105347
1105348
1105349
1105350
1105351
1105352
1105353
1105354
1105355
1105356
1105357
1105358
1105359
1105360
1105361
1105362
1105363
1105364
1105365
1105366
1105367
1105368
1105369
1105370
1105371
1105372
1105373
1105374
1105375
1105376
1105377
1105378
1105379
1105380
1105381
1105382
1105383
1105384
1105385
1105386
1105387
1105388
1105389
1105390
1105391
1105392
1105393
1105394
1105395
1105396
1105397
1105398
1105399
1105400
1105401
1105402
1105403
1105404
1105405
1105406
1105407
1105408
1105409
1105410
1105411
1105412
1105413
1105414
1105415
1105416
1105417
1105418
1105419
1105420
1105421
1105422
1105423
1105424
1105425
1105426
1105427
1105428
1105429
1105430
1105431
1105432
1105433
1105434
1105435
1105436
1105437
1105438
1105439
1105440
1105441
1105442
1105443
1105444
1105445
1105446
1105447
1105448
1105449
1105450
1105451
1105452
1105453
1105454
1105455
1105456
1105457
1105458
1105459
1105460
1105461
1105462
1105463
1105464
1105465
1105466
1105467
1105468
1105469
1105470
1105471
1105472
1105473
1105474
1105475
1105476
1105477
1105478
1105479
1105480
1105481
1105482
1105484
1105485
1105486
1105487
1105488
1105489
1105490
1105491
1105492
1105493
1105494
1105495
1105496
1105497
1105498
1105499
1105500
1105501
1105502
1105503
1105504
1105505
1105506
1105507
1105508
1105509
1105510
1105511
1105512
1105513
1105514
1105515
1105516
1105517
1105518
1105519
1105520
1105521
1105522
1105523
1105524
1105525
1105526
1105527
1105528
1105529
1105530
1105531
1105532
1105533
1105534
1105535
1105536
1105537
1105538
1105539
1105540
1105541
1105542
1105543
1105544
1105545
1105546
1105547
1105548
1105549
1105550
1105551
1105552
1105553
1105554
1105555
1105556
1105557
1105558
1105559
1105560
1105561
1105562
1105563
1105564
1105565
1105566
1105567
1105568
1105569
1105570
1105571
1105572
1105573
1105574
1105575
1105576
1105577
1105578
1105579
1105580
1105581
1105582
1105583
1105584
1105585
1105586
1105587
1105588
1105589
1105590
1105591
1105592
1105593
1105594
1105595
1105596
1105597
1105598
1105599
1105600
1105601
1105602
1105603
1105604
1105605
1105606
1105607
1105608
1105609
1105610
1105611
1105612
1105613
1105614
1105615
1105616
1105617
1105618
1105619
1105620
1105621
1105622
1105623
1105624
1105625
1105626
1105627
1105628
1105629
1105630
1105631
1105632
1105633
1105634
1105635
1105636
1105637
1105638
1105639
1105640
1105641
1105642
1105643
1105644
1105645
1105646
1105647
1105648
1105649
1105650
1105651
1105652
1105653
1105654
1105655
1105656
1105657
1105658
1105659
1105660
1105661
1105662
1105663
1105664
1105665
1105666
1105667
1105668
1105669
1105670
1105671
1105672
1105673
1105674
1105675
1105676
1105677
1105678
1105679
1105680
1105681
1105682
1105683
1105684
1105685
1105686
1105687
1105688
1105689
1105690
1105691
1105692
1105693
1105694
1105695
1105696
1105697
1105698
1105699
1105700
1105701
1105702
1105703
1105704
1105705
1105706
1105707
1105708
1105709
1105710
1105711
1105712
1105713
1105714
1105715
1105716
1105717
1105718
1105719
1105720
1105721
1105722
1105723
1105724
1105726
1105727
1105728
1105729
1105730
1105731
1105732
1105733
1105734
1105735
1105736
1105737
1105738
1105739
1105740
1105741
1105742
1105743
1105744
1105745
1105746
1105747
1105748
1105749
1105750
1105751
1105752
1105753
1105754
1105755
1105756
1105757
1105758
1105759
1105760
1105761
1105762
1105763
1105764
1105765
1105766
1105767
1105768
1105769
1105770
1105771
1105772
1105773
1105774
1105775
1105776
1105777
1105778
1105779
1105780
1105781
1105782
1105783
1105784
1105785
1105786
1105787
1105788
1105789
1105790
1105791
1105792
1105793
1105794
1105795
1105796
1105797
1105798
1105799
1105800
1105801
1105802
1105803
1105804
1105805
1105806
1105807
1105808
1105809
1105810
1105811
1105812
1105813
1105814
1105815
1105816
1105817
1105818
1105819
1105820
1105821
1105822
1105823
1105824
1105825
1105826
1105827
1105828
1105829
1105830
1105831
1105832
1105833
1105834
1105835
1105836
1105837
1105838
1105839
1105840
1105841
1105842
1105843
1105844
1105845
1105846
1105847
1105848
1105849
1105850
1105851
1105852
1105853
1105854
1105855
1105856
1105857
1105858
1105859
1105860
1105861
1105862
1105863
1105864
1105865
1105866
1105867
1105868
1105869
1105870
1105871
1105872
1105873
1105874
1105875
1105876
1105877
1105878
1105879
1105880
1105881
1105882
1105883
1105884
1105885
1105886
1105887
1105888
1105889
1105890
1105891
1105892
1105893
1105894
1105895
1105896
1105897
1105898
1105899
1105900
1105901
1105902
1105903
1105904
1105905
1105906
1105907
1105908
1105909
1105910
1105911
1105912
1105913
1105914
1105915
1105916
1105917
1105918
1105919
1105920
1105921
1105922
1105923
1105924
1105925
1105926
1105927
1105928
1105929
1105930
1105931
1105932
1105933
1105934
1105935
1105936
1105937
1105938
1105939
1105940
1105941
1105942
1105943
1105944
1105945
1105946
1105947
1105948
1105949
1105950
1105951
1105952
1105953
1105954
1105955
1105956
1105957
1105958
1105959
1105960
1105961
1105962
1105963
1105964
1105965
1105966
1105967
1105968
1105969
1105970
1105971
1105972
1105973
1105974
1105975
1105976
1105977
1105978
1105979
1105980
1105981
1105982
1105983
1105984
1105985
1105986
1105987
1105988
1105989
1105990
1105991
1105992
1105993
1105994
1105995
1105996
1105997
1105998
1105999
1106000
1106001
1106002
1106004
1106005
1106006
1106007
1106008
1106009
1106010
1106011
1106012
1106013
1106014
1106015
1106016
1106017
1106018
1106019
1106020
1106021
1106022
1106023
1106024
1106025
1106026
1106027
1106028
1106029
1106030
1106031
1106032
1106033
1106034
1106035
1106036
1106037
1106038
1106039
1106040
1106041
1106042
1106043
1106044
1106045
1106046
1106047
1106048
1106049
1106050
1106051
1106052
1106053
1106054
1106055
1106056
1106057
1106058
1106059
1106060
1106061
1106062
1106063
1106064
1106065
1106066
1106067
1106068
1106069
1106070
1106071
1106072
1106073
1106074
1106075
1106076
1106077
1106078
1106079
1106080
1106081
1106082
1106083
1106084
1106085
1106086
1106087
1106088
1106089
1106090
1106091
1106092
1106094
1106095
1106096
1106097
1106098
1106099
1106100
1106101
1106102
1106103
1106104
1106105
1106106
1106107
1106108
1106109
1106110
1106111
1106112
1106113
1106114
1106115
1106116
1106117
1106118
1106119
1106120
1106121
1106122
1106123
1106124
1106125
1106126
1106127
1106128
1106129
1106130
1106131
1106132
1106133
1106134
1106135
1106136
1106137
1106138
1106139
1106140
1106141
1106142
1106143
1106144
1106145
1106146
1106147
1106148
1106149
1106150
1106151
1106152
1106153
1106155
1106156
1106157
1106158
1106159
1106160
1106161
1106162
1106163
1106164
1106165
1106166
1106167
1106168
1106169
1106170
1106171
1106172
1106173
1106174
1106175
1106176
1106177
1106178
1106179
1106180
1106181
1106182
1106183
1106184
1106185
1106186
1106187
1106188
1106189
1106190
1106191
1106192
1106193
1106194
1106195
1106196
1106197
1106198
1106199
1106200
1106201
1106202
1106203
1106204
1106205
1106206
1106207
1106208
1106209
1106210
1106211
1106212
1106213
1106214
1106215
1106216
1106217
1106218
1106219
1106220
1106221
1106222
1106223
1106224
1106225
1106226
1106227
1106228
1106229
1106230
1106231
1106232
1106233
1106234
1106235
1106236
1106237
1106238
1106239
1106240
1106241
1106242
1106243
1106244
1106245
1106246
1106247
1106248
1106249
1106250
1106251
1106252
1106253
1106254
1106255
1106256
1106257
1106258
1106259
1106260
1106261
1106262
1106263
1106264
1106265
1106266
1106267
1106268
1106269
1106270
1106271
1106272
1106273
1106274
1106275
1106276
1106277
1106278
1106279
1106280
1106281
1106282
1106283
1106284
1106285
1106286
1106287
1106288
1106289
1106290
1106291
1106292
1106293
1106294
1106295
1106296
1106297
1106298
1106299
1106300
1106301
1106302
1106303
1106304
1106305
1106306
1106307
1106308
1106309
1106310
1106311
1106312
1106313
1106314
1106315
1106316
1106317
1106318
1106319
1106320
1106321
1106322
1106323
1106324
1106325
1106326
1106327
1106328
1106329
1106330
1106331
1106332
1106333
1106334
1106335
1106336
1106337
1106338
1106339
1106340
1106341
1106342
1106343
1106344
1106345
1106346
1106347
1106348
1106349
1106350
1106351
1106352
1106353
1106354
1106355
1106356
1106357
1106358
1106359
1106360
1106361
1106362
1106363
1106364
1106365
1106366
1106367
1106368
1106369
1106370
1106371
1106372
1106373
1106374
1106375
1106376
1106377
1106378
1106379
1106380
1106381
1106382
1106383
1106384
1106385
1106386
1106387
1106388
1106389
1106390
1106391
1106392
1106393
1106394
1106395
1106396
1106397
1106398
1106399
1106400
1106401
1106402
1106403
1106404
1106405
1106406
1106407
1106408
1106409
1106410
1106411
1106412
1106413
1106414
1106415
1106416
1106417
1106418
1106419
1106420
1106421
1106422
1106423
1106424
1106425
1106426
1106427
1106428
1106429
1106430
1106431
1106432
1106433
1106434
1106435
1106436
1106437
1106438
1106439
1106440
1106441
1106442
1106443
1106444
1106445
1106446
1106447
1106448
1106449
1106450
1106451
1106452
1106453
1106454
1106455
1106456
1106457
1106458
1106459
1106460
1106461
1106462
1106463
1106464
1106465
1106466
1106467
1106468
1106469
1106470
1106471
1106472
1106473
1106474
1106475
1106476
1106477
1106478
1106479
1106480
1106481
1106482
1106483
1106484
1106485
1106486
1106487
1106488
1106489
1106490
1106491
1106492
1106493
1106494
1106495
1106496
1106497
1106498
1106499
1106500
1106501
1106502
1106503
1106504
1106505
1106506
1106507
1106508
1106509
1106510
1106511
1106512
1106513
1106514
1106515
1106516
1106517
1106518
1106519
1106521
1106522
1106523
1106524
1106525
1106526
1106527
1106528
1106529
1106530
1106531
1106532
1106533
1106534
1106535
1106536
1106537
1106538
1106539
1106540
1106541
1106542
1106543
1106544
1106545
1106546
1106547
1106548
1106549
1106550
1106551
1106552
1106553
1106554
1106555
1106556
1106557
1106558
1106559
1106560
1106561
1106562
1106563
1106564
1106565
1106566
1106567
1106568
1106569
1106570
1106571
1106572
1106573
1106574
1106575
1106576
1106577
1106579
1106580
1106581
1106582
1106583
1106584
1106585
1106586
1106587
1106588
1106589
1106590
1106591
1106592
1106593
1106594
1106595
1106596
1106597
1106598
1106599
1106600
1106601
1106602
1106603
1106604
1106605
1106606
1106607
1106608
1106609
1106610
1106611
1106612
1106613
1106614
1106615
1106616
1106617
1106618
1106619
1106620
1106621
1106622
1106623
1106624
1106625
1106626
1106627
1106628
1106629
1106630
1106631
1106632
1106633
1106634
1106635
1106636
1106637
1106638
1106639
1106640
1106641
1106642
1106643
1106644
1106645
1106646
1106647
1106648
1106649
1106650
1106651
1106652
1106653
1106654
1106655
1106656
1106657
1106658
1106659
1106660
1106661
1106662
1106663
1106664
1106665
1106666
1106667
1106668
1106669
1106670
1106671
1106672
1106673
1106674
1106675
1106677
1106678
1106679
1106680
1106681
1106682
1106683
1106684
1106685
1106686
1106687
1106688
1106689
1106690
1106691
1106692
1106693
1106694
1106695
1106696
1106697
1106698
1106699
1106700
1106701
1106702
1106703
1106704
1106705
1106706
1106707
1106708
1106709
1106710
1106711
1106712
1106713
1106714
1106715
1106716
1106717
1106718
1106719
1106720
1106721
1106722
1106723
1106724
1106725
1106726
1106727
1106728
1106729
1106730
1106731
1106732
1106733
1106734
1106735
1106736
1106737
1106738
1106739
1106740
1106741
1106742
1106743
1106744
1106745
1106746
1106747
1106748
1106749
1106750
1106751
1106752
1106753
1106754
1106755
1106756
1106757
1106758
1106759
1106760
1106761
1106762
1106763
1106764
1106765
1106766
1106767
1106768
1106769
1106770
1106771
1106772
1106773
1106774
1106775
1106776
1106777
1106778
1106779
1106780
1106781
1106782
1106783
1106784
1106785
1106786
1106787
1106788
1106789
1106790
1106791
1106792
1106793
1106794
1106795
1106796
1106797
1106798
1106799
1106800
1106801
1106802
1106803
1106804
1106805
1106806
1106807
1106808
1106809
1106810
1106811
1106813
1106814
1106815
1106816
1106817
1106818
1106819
1106820
1106821
1106822
1106823
1106824
1106825
1106826
1106827
1106828
1106829
1106830
1106831
1106832
1106833
1106834
1106835
1106836
1106837
1106838
1106839
1106840
1106841
1106842
1106843
1106844
1106845
1106846
1106847
1106848
1106849
1106850
1106851
1106852
1106853
1106854
1106855
1106856
1106857
1106858
1106859
1106860
1106861
1106862
1106863
1106864
1106865
1106866
1106867
1106868
1106869
1106870
1106871
1106872
1106873
1106874
1106875
1106876
1106877
1106878
1106879
1106880
1106881
1106882
1106883
1106884
1106885
1106886
1106887
1106888
1106889
1106890
1106891
1106892
1106893
1106894
1106895
1106896
1106897
1106898
1106899
1106900
1106901
1106902
1106903
1106904
1106905
1106906
1106907
1106908
1106909
1106910
1106911
1106912
1106913
1106914
1106915
1106916
1106918
1106919
1106920
1106921
1106922
1106923
1106924
1106925
1106926
1106927
1106928
1106929
1106930
1106931
1106932
1106933
1106934
1106935
1106936
1106937
1106938
1106939
1106940
1106941
1106942
1106943
1106944
1106945
1106946
1106947
1106948
1106949
1106950
1106951
1106952
1106953
1106954
1106955
1106956
1106957
1106958
1106959
1106960
1106961
1106962
1106963
1106964
1106965
1106966
1106967
1106968
1106969
1106970
1106971
1106972
1106973
1106974
1106975
1106976
1106977
1106978
1106979
1106980
1106981
1106982
1106983
1106984
1106985
1106986
1106987
1106988
1106989
1106990
1106991
1106992
1106993
1106994
1106995
1106996
1106997
1106998
1106999
1107000
1107001
1107002
1107003
1107004
1107005
1107006
1107007
1107008
1107009
1107010
1107011
1107012
1107013
1107014
1107015
1107016
1107017
1107018
1107019
1107020
1107021
1107022
1107023
1107024
1107025
1107026
1107027
1107028
1107029
1107030
1107031
1107032
1107033
1107034
1107035
1107036
1107037
1107038
1107039
1107040
1107041
1107042
1107043
1107044
1107045
1107046
1107047
1107048
1107049
1107050
1107051
1107052
1107053
1107054
1107055
1107056
1107057
1107058
1107059
1107060
1107061
1107062
1107063
1107064
1107065
1107066
1107067
1107068
1107069
1107070
1107071
1107072
1107073
1107074
1107075
1107076
1107077
1107078
1107079
1107080
1107081
1107082
1107083
1107084
1107085
1107086
1107087
1107088
1107089
1107090
1107091
1107092
1107093
1107094
1107095
1107096
1107097
1107098
1107099
1107100
1107101
1107102
1107103
1107104
1107105
1107106
1107107
1107108
1107109
1107110
1107111
1107112
1107113
1107114
1107115
1107116
1107117
1107118
1107119
1107120
1107121
1107122
1107123
1107124
1107125
1107126
1107127
1107128
1107129
1107130
1107131
1107132
1107133
1107134
1107135
1107136
1107137
1107138
1107140
1107141
1107142
1107143
1107144
1107145
1107146
1107147
1107148
1107149
1107150
1107151
1107152
1107153
1107154
1107155
1107156
1107157
1107158
1107159
1107160
1107161
1107162
1107163
1107164
1107165
1107166
1107167
1107168
1107169
1107170
1107171
1107172
1107173
1107174
1107175
1107176
1107177
1107178
1107179
1107180
1107181
1107182
1107183
1107184
1107185
1107186
1107187
1107188
1107189
1107190
1107191
1107192
1107193
1107194
1107195
1107196
1107197
1107198
1107199
1107200
1107201
1107202
1107203
1107204
1107205
1107206
1107207
1107208
1107209
1107210
1107211
1107212
1107213
1107214
1107215
1107216
1107217
1107218
1107219
1107220
1107221
1107222
1107223
1107224
1107225
1107226
1107227
1107228
1107229
1107230
1107231
1107232
1107233
1107234
1107235
1107236
1107237
1107238
1107239
1107240
1107241
1107242
1107243
1107244
1107245
1107246
1107247
1107248
1107249
1107250
1107251
1107252
1107253
1107254
1107255
1107256
1107257
1107258
1107259
1107260
1107261
1107262
1107263
1107264
1107265
1107266
1107267
1107268
1107269
1107270
1107271
1107272
1107273
1107274
1107275
1107276
1107277
1107278
1107279
1107280
1107281
1107282
1107283
1107284
1107285
1107286
1107287
1107288
1107289
1107290
1107291
1107292
1107293
1107294
1107295
1107296
1107297
1107298
1107299
1107300
1107301
1107302
1107303
1107304
1107305
1107306
1107307
1107308
1107309
1107310
1107311
1107312
1107313
1107314
1107315
1107316
1107317
1107318
1107319
1107320
1107321
1107322
1107323
1107324
1107325
1107326
1107327
1107328
1107329
1107330
1107331
1107332
1107333
1107334
1107335
1107336
1107337
1107338
1107339
1107340
1107341
1107342
1107343
1107344
1107345
1107346
1107347
1107348
1107349
1107350
1107351
1107352
1107353
1107354
1107355
1107356
1107357
1107358
1107359
1107360
1107361
1107362
1107363
1107364
1107365
1107366
1107367
1107368
1107369
1107370
1107371
1107372
1107373
1107374
1107375
1107376
1107377
1107378
1107379
1107380
1107381
1107382
1107383
1107384
1107385
1107386
1107387
1107388
1107389
1107390
1107391
1107392
1107393
1107394
1107395
1107396
1107397
1107398
1107399
1107400
1107401
1107402
1107403
1107404
1107405
1107406
1107408
1107409
1107410
1107411
1107412
1107413
1107414
1107415
1107416
1107417
1107418
1107419
1107420
1107421
1107422
1107423
1107424
1107425
1107426
1107427
1107428
1107429
1107430
1107431
1107432
1107433
1107434
1107435
1107436
1107437
1107438
1107439
1107440
1107441
1107442
1107443
1107444
1107445
1107446
1107447
1107448
1107449
1107450
1107451
1107452
1107453
1107454
1107455
1107456
1107457
1107458
1107459
1107460
1107461
1107462
1107463
1107464
1107465
1107466
1107467
1107468
1107469
1107470
1107471
1107472
1107473
1107474
1107475
1107476
1107477
1107478
1107479
1107480
1107481
1107482
1107483
1107484
1107485
1107486
1107487
1107488
1107489
1107490
1107491
1107492
1107493
1107494
1107495
1107496
1107497
1107498
1107499
1107500
1107501
1107502
1107503
1107504
1107505
1107506
1107507
1107508
1107509
1107510
1107511
1107512
1107513
1107514
1107515
1107516
1107517
1107518
1107519
1107520
1107521
1107522
1107523
1107524
1107525
1107526
1107527
1107528
1107529
1107530
1107531
1107532
1107533
1107534
1107535
1107536
1107537
1107538
1107539
1107540
1107542
1107543
1107544
1107545
1107546
1107547
1107548
1107549
1107550
1107551
1107552
1107553
1107554
1107555
1107556
1107557
1107558
1107559
1107560
1107561
1107562
1107563
1107564
1107565
1107566
1107567
1107568
1107569
1107570
1107571
1107572
1107573
1107574
1107575
1107576
1107577
1107578
1107579
1107580
1107581
1107582
1107583
1107584
1107585
1107586
1107587
1107588
1107589
1107590
1107591
1107592
1107593
1107594
1107595
1107596
1107597
1107598
1107599
1107600
1107601
1107602
1107603
1107604
1107605
1107606
1107607
1107608
1107609
1107610
1107611
1107612
1107613
1107614
1107615
1107616
1107617
1107618
1107620
1107621
1107622
1107623
1107624
1107625
1107626
1107627
1107628
1107629
1107630
1107631
1107632
1107633
1107634
1107635
1107636
1107637
1107638
1107639
1107640
1107641
1107642
1107643
1107644
1107645
1107646
1107647
1107648
1107649
1107650
1107651
1107652
1107653
1107654
1107655
1107656
1107657
1107658
1107659
1107660
1107661
1107662
1107663
1107664
1107665
1107666
1107667
1107668
1107669
1107670
1107671
1107672
1107673
1107674
1107675
1107676
1107677
1107678
1107679
1107680
1107681
1107682
1107683
1107684
1107685
1107686
1107687
1107688
1107689
1107690
1107691
1107692
1107693
1107694
1107695
1107696
1107697
1107698
1107699
1107700
1107701
1107702
1107703
1107704
1107705
1107706
1107707
1107708
1107709
1107710
1107711
1107712
1107713
1107714
1107715
1107716
1107717
1107718
1107719
1107720
1107721
1107722
1107723
1107724
1107725
1107726
1107727
1107728
1107729
1107730
1107731
1107732
1107733
1107734
1107735
1107736
1107737
1107738
1107739
1107740
1107741
1107742
1107743
1107744
1107745
1107746
1107747
1107748
1107749
1107750
1107751
1107752
1107753
1107754
1107755
1107756
1107757
1107758
1107759
1107760
1107761
1107762
1107764
1107765
1107766
1107767
1107768
1107769
1107770
1107771
1107772
1107773
1107774
1107775
1107776
1107777
1107778
1107779
1107780
1107781
1107782
1107783
1107784
1107785
1107786
1107787
1107788
1107789
1107790
1107791
1107792
1107793
1107794
1107795
1107796
1107797
1107798
1107799
1107800
1107801
1107802
1107803
1107804
1107805
1107806
1107807
1107808
1107809
1107810
1107811
1107812
1107813
1107814
1107815
1107816
1107817
1107818
1107819
1107820
1107821
1107822
1107823
1107824
1107825
1107826
1107827
1107828
1107829
1107830
1107831
1107832
1107833
1107834
1107835
1107836
1107837
1107838
1107839
1107840
1107841
1107842
1107843
1107844
1107845
1107846
1107847
1107848
1107849
1107850
1107851
1107852
1107853
1107854
1107855
1107856
1107857
1107858
1107859
1107860
1107861
1107862
1107863
1107864
1107865
1107866
1107867
1107868
1107869
1107870
1107871
1107872
1107873
1107874
1107875
1107876
1107877
1107878
1107879
1107880
1107881
1107882
1107883
1107884
1107885
1107886
1107887
1107888
1107889
1107890
1107891
1107892
1107893
1107894
1107895
1107896
1107897
1107898
1107899
1107900
1107901
1107902
1107903
1107904
1107905
1107906
1107907
1107908
1107909
1107910
1107911
1107912
1107913
1107914
1107915
1107916
1107917
1107918
1107919
1107920
1107921
1107922
1107923
1107924
1107925
1107926
1107927
1107928
1107929
1107930
1107931
1107932
1107933
1107934
1107935
1107936
1107937
1107938
1107939
1107940
1107941
1107942
1107943
1107944
1107945
1107946
1107947
1107948
1107949
1107950
1107951
1107952
1107953
1107954
1107955
1107956
1107957
1107958
1107959
1107960
1107961
1107962
1107963
1107964
1107965
1107966
1107967
1107968
1107969
1107970
1107971
1107972
1107973
1107974
1107975
1107976
1107977
1107978
1107979
1107980
1107981
1107982
1107983
1107984
1107985
1107986
1107987
1107988
1107989
1107990
1107991
1107992
1107993
1107994
1107995
1107996
1107997
1107998
1107999
1108000
1108001
1108002
1108003
1108004
1108005
1108006
1108007
1108008
1108009
1108010
1108011
1108012
1108013
1108014
1108015
1108016
1108017
1108018
1108019
1108020
1108021
1108022
1108023
1108024
1108025
1108026
1108027
1108028
1108029
1108030
1108031
1108032
1108033
1108034
1108035
1108036
1108037
1108038
1108039
1108040
1108041
1108042
1108043
1108044
1108045
1108046
1108047
1108048
1108049
1108050
1108051
1108052
1108053
1108054
1108055
1108056
1108057
1108058
1108059
1108060
1108061
1108062
1108063
1108064
1108065
1108066
1108067
1108068
1108069
1108070
1108071
1108072
1108073
1108074
1108075
1108076
1108077
1108078
1108079
1108080
1108081
1108082
1108083
1108084
1108085
1108086
1108087
1108088
1108089
1108090
1108091
1108092
1108093
1108094
1108095
1108096
1108097
1108098
1108099
1108100
1108101
1108102
1108103
1108104
1108105
1108106
1108107
1108108
1108109
1108110
1108111
1108112
1108113
1108114
1108115
1108116
1108117
1108118
1108119
1108120
1108121
1108122
1108123
1108124
1108125
1108126
1108127
1108128
1108129
1108130
1108131
1108132
1108133
1108134
1108135
1108136
1108137
1108138
1108139
1108140
1108141
1108142
1108143
1108144
1108145
1108146
1108147
1108148
1108149
1108150
1108151
1108152
1108153
1108154
1108155
1108156
1108157
1108158
1108159
1108160
1108161
1108162
1108163
1108164
1108165
1108166
1108167
1108168
1108169
1108170
1108171
1108172
1108173
1108174
1108175
1108176
1108177
1108178
1108179
1108180
1108181
1108182
1108183
1108184
1108185
1108186
1108187
1108188
1108189
1108190
1108191
1108192
1108193
1108194
1108195
1108196
1108197
1108198
1108199
1108200
1108201
1108202
1108203
1108204
1108205
1108206
1108207
1108208
1108209
1108210
1108211
1108212
1108213
1108214
1108215
1108216
1108217
1108218
1108219
1108220
1108221
1108222
1108223
1108224
1108225
1108226
1108227
1108228
1108229
1108230
1108231
1108232
1108233
1108234
1108235
1108236
1108237
1108238
1108239
1108240
1108241
1108242
1108243
1108244
1108245
1108246
1108247
1108248
1108249
1108250
1108251
1108252
1108253
1108254
1108255
1108256
1108257
1108258
1108259
1108260
1108261
1108262
1108263
1108264
1108265
1108266
1108267
1108268
1108269
1108270
1108271
1108272
1108274
1108275
1108276
1108277
1108278
1108279
1108280
1108281
1108282
1108283
1108284
1108285
1108286
1108287
1108288
1108289
1108290
1108291
1108292
1108293
1108294
1108295
1108296
1108297
1108298
1108299
1108300
1108301
1108302
1108303
1108304
1108305
1108306
1108307
1108308
1108309
1108310
1108311
1108312
1108313
1108314
1108315
1108316
1108317
1108318
1108319
1108320
1108321
1108322
1108323
1108324
1108325
1108326
1108327
1108328
1108329
1108330
1108331
1108332
1108333
1108334
1108335
1108336
1108337
1108338
1108339
1108340
1108341
1108342
1108343
1108344
1108345
1108346
1108347
1108348
1108349
1108350
1108351
1108352
1108353
1108354
1108355
1108356
1108357
1108358
1108359
1108360
1108361
1108362
1108363
1108364
1108365
1108366
1108367
1108368
1108369
1108370
1108371
1108372
1108373
1108375
1108376
1108377
1108378
1108379
1108380
1108381
1108382
1108383
1108384
1108385
1108386
1108387
1108388
1108389
1108390
1108391
1108392
1108393
1108394
1108395
1108396
1108397
1108398
1108399
1108400
1108401
1108402
1108403
1108404
1108405
1108406
1108407
1108408
1108409
1108410
1108411
1108412
1108413
1108414
1108415
1108416
1108417
1108418
1108419
1108420
1108421
1108422
1108423
1108424
1108425
1108426
1108427
1108428
1108429
1108430
1108431
1108432
1108433
1108434
1108435
1108436
1108437
1108438
1108439
1108440
1108441
1108442
1108443
1108444
1108445
1108446
1108447
1108448
1108449
1108450
1108451
1108452
1108453
1108454
1108455
1108456
1108457
1108459
1108460
1108461
1108462
1108463
1108464
1108465
1108466
1108467
1108468
1108469
1108470
1108471
1108472
1108473
1108474
1108475
1108476
1108477
1108478
1108479
1108480
1108481
1108482
1108483
1108484
1108485
1108486
1108487
1108488
1108489
1108490
1108491
1108492
1108493
1108494
1108495
1108496
1108497
1108498
1108499
1108500
1108501
1108502
1108503
1108504
1108505
1108506
1108507
1108508
1108509
1108510
1108511
1108512
1108513
1108514
1108515
1108516
1108517
1108518
1108519
1108520
1108521
1108522
1108523
1108524
1108525
1108526
1108527
1108528
1108529
1108530
1108531
1108532
1108533
1108534
1108535
1108536
1108537
1108538
1108539
1108540
1108541
1108542
1108543
1108544
1108545
1108546
1108547
1108548
1108549
1108550
1108551
1108552
1108553
1108554
1108555
1108556
1108557
1108558
1108559
1108560
1108561
1108562
1108563
1108564
1108565
1108566
1108567
1108568
1108569
1108570
1108571
1108572
1108573
1108574
1108575
1108576
1108577
1108578
1108579
1108580
1108581
1108582
1108583
1108584
1108585
1108586
1108587
1108588
1108589
1108590
1108591
1108592
1108593
1108594
1108595
1108596
1108597
1108598
1108599
1108600
1108601
1108602
1108603
1108604
1108605
1108606
1108607
1108608
1108609
1108610
1108611
1108612
1108613
1108614
1108615
1108616
1108617
1108618
1108619
1108620
1108621
1108622
1108623
1108624
1108625
1108626
1108627
1108629
1108630
1108631
1108632
1108633
1108634
1108635
1108636
1108637
1108638
1108639
1108640
1108641
1108642
1108643
1108644
1108645
1108646
1108647
1108648
1108649
1108650
1108651
1108652
1108653
1108654
1108655
1108656
1108657
1108658
1108659
1108660
1108661
1108662
1108663
1108664
1108665
1108666
1108667
1108668
1108669
1108670
1108671
1108672
1108673
1108674
1108675
1108676
1108677
1108679
1108680
1108681
1108682
1108683
1108684
1108685
1108686
1108687
1108688
1108689
1108690
1108691
1108692
1108693
1108694
1108695
1108696
1108697
1108698
1108699
1108700
1108701
1108702
1108703
1108704
1108705
1108706
1108707
1108708
1108709
1108710
1108711
1108712
1108713
1108714
1108715
1108716
1108717
1108718
1108719
1108720
1108721
1108722
1108723
1108724
1108725
1108726
1108727
1108728
1108729
1108730
1108731
1108732
1108733
1108734
1108735
1108736
1108737
1108738
1108739
1108740
1108741
1108742
1108743
1108744
1108745
1108746
1108747
1108748
1108749
1108750
1108751
1108752
1108753
1108754
1108755
1108756
1108757
1108758
1108759
1108760
1108761
1108762
1108763
1108764
1108765
1108766
1108767
1108768
1108769
1108770
1108771
1108772
1108773
1108774
1108775
1108776
1108777
1108778
1108779
1108780
1108781
1108782
1108783
1108784
1108785
1108786
1108787
1108788
1108789
1108790
1108791
1108792
1108793
1108794
1108795
1108796
1108797
1108798
1108799
1108800
1108801
1108802
1108803
1108804
1108805
1108806
1108807
1108808
1108809
1108810
1108811
1108812
1108813
1108814
1108815
1108816
1108817
1108818
1108819
1108820
1108821
1108822
1108823
1108824
1108825
1108826
1108827
1108828
1108829
1108830
1108831
1108832
1108833
1108834
1108835
1108836
1108837
1108838
1108839
1108840
1108841
1108842
1108843
1108844
1108845
1108846
1108847
1108848
1108849
1108850
1108851
1108852
1108853
1108854
1108855
1108856
1108857
1108858
1108859
1108860
1108861
1108862
1108863
1108864
1108865
1108866
1108867
1108868
1108869
1108870
1108877
1108878
1108879
1108880
1108881
1108882
1108883
1108884
1108885
1108886
1108887
1108888
1108889
1108890
1108891
1108892
1108893
1108894
1108895
1108896
1108897
1108898
1108899
1108900
1108901
1108902
1108903
1108904
1108905
1108906
1108907
1108908
1108909
1108910
1108911
1108912
1108913
1108914
1108915
1108916
1108917
1108918
1108919
1108920
1108921
1108922
1108923
1108924
1108925
1108926
1108927
1108928
1108929
1108930
1108931
1108932
1108933
1108934
1108935
1108936
1108937
1108938
1108939
1108940
1108941
1108942
1108943
1108944
1108945
1108946
1108947
1108948
1108949
1108950
1108951
1108952
1108953
1108954
1108955
1108956
1108957
1108958
1108959
1108960
1108961
1108962
1108963
1108964
1108965
1108966
1108967
1108968
1108969
1108970
1108971
1108972
1108973
1108974
1108975
1108976
1108977
1108978
1108979
1108980
1108981
1108982
1108983
1108984
1108985
1108986
1108987
1108988
1108989
1108990
1108991
1108992
1108993
1108994
1108995
1108996
1108997
1108998
1108999
1109000
1109001
1109002
1109003
1109004
1109005
1109006
1109007
1109008
1109009
1109010
1109011
1109012
1109013
1109014
1109015
1109016
1109017
1109018
1109019
1109020
1109021
1109022
1109023
1109024
1109025
1109026
1109027
1109028
1109029
1109030
1109031
1109032
1109033
1109034
1109035
1109036
1109037
1109038
1109039
1109040
1109041
1109042
1109043
1109044
1109045
1109046
1109047
1109048
1109049
1109050
1109051
1109052
1109053
1109054
1109055
1109056
1109057
1109058
1109059
1109060
1109061
1109062
1109063
1109064
1109065
1109066
1109067
1109068
1109069
1109070
1109071
1109072
1109073
1109074
1109075
1109076
1109077
1109078
1109079
1109080
1109081
1109082
1109083
1109084
1109085
1109086
1109087
1109088
1109089
1109090
1109091
1109092
1109093
1109094
1109095
1109096
1109097
1109098
1109099
1109100
1109101
1109102
1109103
1109104
1109105
1109106
1109107
1109108
1109109
1109110
1109111
1109112
1109113
1109114
1109115
1109116
1109117
1109118
1109119
1109120
1109121
1109122
1109123
1109124
1109125
1109126
1109127
1109128
1109129
1109130
1109131
1109132
1109133
1109134
1109135
1109136
1109137
1109138
1109139
1109140
1109141
1109142
1109143
1109144
1109145
1109146
1109147
1109148
1109149
1109150
1109151
1109152
1109153
1109154
1109155
1109156
1109157
1109158
1109160
1109161
1109162
1109163
1109164
1109165
1109166
1109167
1109168
1109169
1109170
1109171
1109172
1109173
1109174
1109175
1109176
1109177
1109178
1109179
1109180
1109181
1109182
1109183
1109184
1109185
1109186
1109187
1109188
1109189
1109190
1109191
1109192
1109193
1109194
1109195
1109196
1109197
1109198
1109199
1109200
1109201
1109202
1109203
1109204
1109205
1109206
1109207
1109208
1109209
1109210
1109211
1109212
1109213
1109214
1109215
1109216
1109217
1109218
1109219
1109220
1109221
1109222
1109223
1109224
1109225
1109226
1109227
1109228
1109229
1109230
1109231
1109232
1109233
1109234
1109235
1109236
1109237
1109238
1109239
1109240
1109241
1109242
1109243
1109244
1109245
1109246
1109247
1109248
1109249
1109250
1109251
1109252
1109253
1109254
1109255
1109256
1109257
1109258
1109259
1109260
1109261
1109262
1109263
1109264
1109265
1109266
1109267
1109268
1109269
1109270
1109271
1109272
1109273
1109274
1109275
1109276
1109277
1109278
1109279
1109280
1109281
1109282
1109283
1109284
1109285
1109286
1109287
1109288
1109289
1109290
1109291
1109292
1109293
1109294
1109295
1109296
1109297
1109298
1109299
1109300
1109301
1109302
1109303
1109304
1109305
1109306
1109307
1109308
1109309
1109310
1109311
1109312
1109313
1109314
1109315
1109316
1109317
1109318
1109319
1109320
1109321
1109322
1109323
1109324
1109325
1109326
1109327
1109328
1109329
1109330
1109331
1109332
1109333
1109334
1109335
1109336
1109337
1109338
1109339
1109340
1109341
1109342
1109343
1109344
1109345
1109346
1109347
1109348
1109349
1109350
1109351
1109352
1109353
1109354
1109355
1109356
1109357
1109358
1109359
1109360
1109361
1109362
1109363
1109364
1109365
1109366
1109367
1109368
1109369
1109370
1109371
1109372
1109373
1109374
1109375
1109376
1109377
1109378
1109379
1109380
1109381
1109382
1109383
1109384
1109385
1109386
1109387
1109388
1109389
1109390
1109391
1109392
1109393
1109394
1109395
1109396
1109397
1109398
1109399
1109400
1109401
1109402
1109403
1109404
1109405
1109406
1109407
1109408
1109409
1109410
1109411
1109412
1109413
1109414
1109415
1109416
1109417
1109418
1109419
1109420
1109421
1109422
1109423
1109424
1109425
1109426
1109427
1109428
1109429
1109430
1109431
1109432
1109433
1109434
1109435
1109436
1109437
1109438
1109439
1109440
1109441
1109442
1109443
1109444
1109445
1109446
1109447
1109448
1109449
1109450
1109451
1109452
1109453
1109454
1109455
1109456
1109457
1109458
1109459
1109460
1109461
1109462
1109463
1109464
1109465
1109466
1109467
1109468
1109469
1109470
1109471
1109472
1109473
1109474
1109475
1109476
1109477
1109478
1109479
1109480
1109481
1109482
1109483
1109484
1109485
1109486
1109487
1109488
1109489
1109490
1109491
1109492
1109493
1109494
1109495
1109496
1109497
1109498
1109499
1109500
1109501
1109502
1109503
1109504
1109505
1109506
1109507
1109508
1109509
1109510
1109511
1109512
1109513
1109514
1109515
1109516
1109517
1109518
1109519
1109520
1109521
1109522
1109523
1109524
1109525
1109526
1109527
1109528
1109529
1109530
1109531
1109532
1109533
1109534
1109535
1109536
1109537
1109538
1109539
1109540
1109541
1109542
1109543
1109544
1109545
1109546
1109547
1109548
1109549
1109550
1109551
1109552
1109553
1109554
1109555
1109556
1109557
1109558
1109559
1109560
1109561
1109562
1109563
1109564
1109565
1109566
1109567
1109568
1109569
1109570
1109571
1109572
1109573
1109574
1109575
1109576
1109577
1109578
1109579
1109580
1109581
1109582
1109583
1109584
1109585
1109586
1109587
1109588
1109589
1109590
1109591
1109592
1109593
1109594
1109595
1109596
1109597
1109598
1109599
1109600
1109601
1109602
1109603
1109604
1109605
1109606
1109607
1109608
1109609
1109610
1109611
1109612
1109613
1109614
1109615
1109616
1109617
1109618
1109619
1109620
1109621
1109622
1109623
1109624
1109625
1109626
1109627
1109628
1109629
1109630
1109631
1109632
1109633
1109634
1109635
1109636
1109637
1109638
1109639
1109640
1109641
1109642
1109643
1109644
1109645
1109646
1109648
1109649
1109650
1109651
1109652
1109653
1109654
1109655
1109656
1109657
1109658
1109659
1109660
1109661
1109662
1109663
1109664
1109665
1109666
1109667
1109668
1109669
1109670
1109671
1109672
1109673
1109674
1109675
1109676
1109677
1109678
1109679
1109680
1109681
1109682
1109683
1109684
1109685
1109686
1109687
1109688
1109689
1109690
1109691
1109692
1109693
1109694
1109695
1109696
1109697
1109698
1109699
1109700
1109701
1109702
1109703
1109704
1109705
1109706
1109707
1109708
1109709
1109710
1109711
1109712
1109713
1109714
1109715
1109716
1109717
1109718
1109719
1109720
1109721
1109722
1109723
1109724
1109725
1109726
1109727
1109728
1109729
1109730
1109731
1109732
1109733
1109734
1109735
1109736
1109737
1109738
1109739
1109740
1109741
1109742
1109743
1109744
1109745
1109746
1109747
1109748
1109749
1109750
1109751
1109752
1109753
1109754
1109755
1109756
1109757
1109758
1109759
1109760
1109761
1109762
1109763
1109764
1109765
1109766
1109767
1109768
1109769
1109770
1109771
1109772
1109773
1109774
1109775
1109776
1109777
1109778
1109779
1109780
1109781
1109782
1109783
1109784
1109785
1109786
1109787
1109788
1109789
1109790
1109791
1109792
1109793
1109794
1109795
1109796
1109797
1109798
1109799
1109800
1109801
1109802
1109803
1109804
1109805
1109806
1109807
1109808
1109809
1109810
1109811
1109812
1109813
1109814
1109815
1109816
1109817
1109818
1109819
1109820
1109821
1109822
1109823
1109824
1109825
1109826
1109827
1109828
1109829
1109830
1109831
1109832
1109833
1109834
1109835
1109836
1109837
1109838
1109839
1109840
1109841
1109842
1109843
1109844
1109845
1109846
1109847
1109848
1109849
1109850
1109851
1109852
1109853
1109854
1109855
1109856
1109857
1109858
1109859
1109860
1109861
1109862
1109863
1109864
1109865
1109866
1109867
1109868
1109869
1109870
1109871
1109872
1109873
1109874
1109875
1109876
1109877
1109878
1109879
1109880
1109881
1109882
1109883
1109884
1109885
1109886
1109887
1109888
1109889
1109890
1109891
1109892
1109893
1109894
1109895
1109896
1109897
1109898
1109899
1109900
1109901
1109902
1109903
1109904
1109905
1109906
1109907
1109908
1109909
1109910
1109911
1109912
1109913
1109914
1109915
1109916
1109917
1109918
1109919
1109920
1109921
1109922
1109923
1109924
1109925
1109926
1109927
1109928
1109929
1109930
1109931
1109932
1109933
1109934
1109935
1109936
1109937
1109938
1109939
1109940
1109941
1109942
1109943
1109944
1109945
1109946
1109947
1109948
1109949
1109950
1109951
1109952
1109953
1109954
1109955
1109956
1109957
1109958
1109959
1109960
1109961
1109962
1109963
1109964
1109965
1109966
1109967
1109968
1109969
1109970
1109971
1109972
1109973
1109974
1109975
1109976
1109977
1109978
1109979
1109980
1109981
1109982
1109983
1109984
1109985
1109986
1109987
1109988
1109989
1109990
1109991
1109992
1109993
1109994
1109995
1109996
1109997
1109998
1109999
1110000
1110001
1110002
1110003
1110004
1110005
1110006
1110007
1110008
1110009
1110010
1110011
1110012
1110013
1110014
1110015
1110016
1110017
1110018
1110019
1110020
1110021
1110022
1110023
1110024
1110025
1110026
1110027
1110028
1110029
1110030
1110031
1110032
1110033
1110034
1110035
1110036
1110037
1110038
1110039
1110040
1110041
1110042
1110043
1110044
1110045
1110046
1110047
1110048
1110049
1110050
1110051
1110052
1110053
1110054
1110055
1110056
1110057
1110058
1110059
1110060
1110061
1110062
1110063
1110064
1110065
1110066
1110067
1110068
1110069
1110070
1110071
1110072
1110073
1110074
1110075
1110076
1110077
1110078
1110079
1110080
1110081
1110082
1110083
1110084
1110085
1110086
1110087
1110088
1110089
1110090
1110091
1110092
1110093
1110094
1110095
1110096
1110097
1110098
1110099
1110100
1110101
1110102
1110103
1110104
1110105
1110106
1110107
1110108
1110109
1110110
1110111
1110112
1110113
1110114
1110115
1110116
1110117
1110118
1110119
1110120
1110121
1110122
1110123
1110124
1110125
1110126
1110127
1110128
1110129
1110130
1110131
1110132
1110133
1110134
1110135
1110136
1110137
1110138
1110139
1110140
1110141
1110142
1110143
1110144
1110145
1110146
1110147
1110148
1110149
1110150
1110151
1110152
1110153
1110154
1110155
1110156
1110157
1110158
1110159
1110160
1110161
1110162
1110163
1110164
1110165
1110166
1110167
1110169
1110170
1110171
1110172
1110173
1110174
1110175
1110176
1110177
1110178
1110179
1110180
1110181
1110182
1110183
1110184
1110185
1110186
1110187
1110188
1110189
1110190
1110191
1110192
1110193
1110194
1110195
1110196
1110197
1110198
1110199
1110200
1110201
1110202
1110203
1110204
1110205
1110206
1110207
1110208
1110209
1110210
1110211
1110212
1110213
1110214
1110215
1110216
1110217
1110218
1110219
1110220
1110221
1110222
1110223
1110224
1110225
1110226
1110227
1110228
1110229
1110230
1110231
1110232
1110233
1110234
1110235
1110236
1110237
1110238
1110239
1110240
1110241
1110242
1110243
1110244
1110245
1110246
1110247
1110248
1110249
1110250
1110251
1110252
1110253
1110254
1110255
1110256
1110257
1110258
1110259
1110260
1110261
1110262
1110263
1110264
1110265
1110266
1110267
1110268
1110269
1110270
1110271
1110272
1110273
1110274
1110275
1110276
1110277
1110278
1110279
1110280
1110281
1110282
1110283
1110284
1110285
1110286
1110287
1110288
1110289
1110290
1110291
1110292
1110293
1110294
1110295
1110296
1110297
1110298
1110299
1110300
1110301
1110302
1110303
1110304
1110305
1110306
1110307
1110308
1110309
1110310
1110311
1110312
1110313
1110314
1110315
1110316
1110317
1110318
1110319
1110320
1110321
1110322
1110323
1110324
1110325
1110326
1110327
1110328
1110329
1110330
1110331
1110332
1110333
1110334
1110335
1110336
1110337
1110338
1110339
1110340
1110341
1110342
1110343
1110344
1110345
1110346
1110347
1110348
1110349
1110350
1110351
1110352
1110353
1110354
1110355
1110356
1110357
1110358
1110359
1110360
1110361
1110362
1110363
1110364
1110365
1110366
1110367
1110368
1110369
1110370
1110371
1110372
1110373
1110374
1110375
1110376
1110377
1110378
1110379
1110380
1110381
1110382
1110383
1110384
1110385
1110386
1110387
1110388
1110389
1110390
1110391
1110392
1110393
1110394
1110395
1110396
1110397
1110398
1110399
1110400
1110401
1110402
1110403
1110404
1110405
1110406
1110407
1110408
1110409
1110410
1110411
1110412
1110413
1110414
1110415
1110416
1110417
1110418
1110419
1110420
1110421
1110422
1110423
1110424
1110425
1110426
1110427
1110428
1110429
1110430
1110431
1110432
1110433
1110434
1110435
1110436
1110437
1110438
1110439
1110440
1110441
1110442
1110443
1110444
1110445
1110446
1110447
1110448
1110449
1110450
1110451
1110452
1110453
1110454
1110455
1110456
1110457
1110458
1110459
1110460
1110461
1110462
1110463
1110464
1110465
1110466
1110467
1110468
1110469
1110470
1110471
1110472
1110473
1110474
1110475
1110476
1110477
1110478
1110479
1110480
1110481
1110482
1110483
1110484
1110485
1110486
1110487
1110488
1110489
1110490
1110491
1110492
1110493
1110494
1110495
1110496
1110497
1110498
1110499
1110500
1110501
1110502
1110503
1110504
1110505
1110506
1110507
1110508
1110509
1110510
1110511
1110512
1110513
1110514
1110515
1110516
1110517
1110518
1110519
1110520
1110521
1110522
1110523
1110524
1110525
1110526
1110527
1110528
1110529
1110530
1110531
1110532
1110533
1110534
1110535
1110536
1110537
1110538
1110539
1110540
1110541
1110542
1110543
1110544
1110545
1110546
1110547
1110548
1110549
1110550
1110551
1110552
1110553
1110554
1110555
1110556
1110557
1110558
1110559
1110560
1110561
1110562
1110563
1110564
1110565
1110566
1110567
1110568
1110569
1110570
1110571
1110572
1110573
1110574
1110575
1110576
1110577
1110578
1110579
1110580
1110581
1110582
1110583
1110584
1110585
1110586
1110587
1110588
1110589
1110590
1110591
1110592
1110593
1110594
1110595
1110596
1110597
1110598
1110599
1110600
1110601
1110602
1110603
1110604
1110605
1110606
1110607
1110608
1110609
1110610
1110611
1110612
1110613
1110614
1110615
1110616
1110617
1110618
1110619
1110620
1110621
1110622
1110623
1110624
1110625
1110626
1110627
1110628
1110629
1110630
1110631
1110632
1110633
1110634
1110635
1110636
1110637
1110638
1110639
1110640
1110641
1110642
1110643
1110644
1110645
1110646
1110647
1110648
1110649
1110650
1110651
1110652
1110653
1110654
1110655
1110656
1110657
1110658
1110659
1110660
1110661
1110662
1110663
1110664
1110665
1110666
1110667
1110668
1110669
1110670
1110671
1110672
1110673
1110674
1110675
1110676
1110678
1110679
1110680
1110681
1110682
1110683
1110684
1110685
1110686
1110687
1110688
1110689
1110690
1110691
1110692
1110693
1110694
1110695
1110696
1110697
1110698
1110699
1110700
1110701
1110702
1110703
1110704
1110705
1110706
1110707
1110708
1110709
1110710
1110711
1110712
1110713
1110714
1110715
1110716
1110717
1110718
1110719
1110720
1110721
1110722
1110723
1110724
1110725
1110726
1110727
1110728
1110729
1110730
1110731
1110732
1110733
1110734
1110735
1110736
1110737
1110738
1110739
1110740
1110741
1110742
1110743
1110744
1110745
1110746
1110747
1110748
1110749
1110750
1110751
1110752
1110753
1110754
1110755
1110756
1110757
1110758
1110759
1110760
1110761
1110762
1110763
1110764
1110765
1110766
1110767
1110768
1110769
1110770
1110771
1110772
1110773
1110774
1110775
1110776
1110777
1110778
1110779
1110780
1110781
1110782
1110783
1110784
1110785
1110786
1110787
1110788
1110789
1110790
1110791
1110792
1110793
1110794
1110795
1110796
1110797
1110798
1110799
1110800
1110801
1110802
1110803
1110804
1110805
1110806
1110807
1110808
1110809
1110810
1110811
1110812
1110813
1110814
1110815
1110816
1110817
1110818
1110819
1110820
1110821
1110822
1110823
1110824
1110825
1110826
1110827
1110828
1110829
1110830
1110831
1110832
1110833
1110834
1110835
1110836
1110837
1110838
1110839
1110840
1110841
1110842
1110843
1110844
1110845
1110846
1110847
1110848
1110849
1110850
1110851
1110852
1110853
1110854
1110855
1110856
1110857
1110858
1110859
1110860
1110861
1110862
1110863
1110864
1110865
1110866
1110867
1110868
1110869
1110870
1110871
1110872
1110873
1110874
1110875
1110876
1110877
1110878
1110879
1110880
1110881
1110882
1110883
1110884
1110885
1110886
1110887
1110888
1110889
1110890
1110891
1110892
1110893
1110894
1110895
1110896
1110897
1110898
1110899
1110900
1110901
1110902
1110903
1110904
1110905
1110906
1110907
1110908
1110909
1110910
1110911
1110912
1110913
1110914
1110915
1110916
1110917
1110918
1110919
1110920
1110921
1110922
1110923
1110924
1110925
1110926
1110927
1110928
1110929
1110930
1110931
1110932
1110933
1110934
1110935
1110936
1110937
1110938
1110939
1110940
1110941
1110942
1110943
1110944
1110945
1110946
1110947
1110948
1110949
1110950
1110951
1110952
1110953
1110954
1110955
1110956
1110957
1110958
1110959
1110960
1110961
1110962
1110963
1110964
1110965
1110966
1110967
1110968
1110969
1110970
1110971
1110972
1110973
1110974
1110975
1110976
1110977
1110978
1110979
1110980
1110981
1110982
1110983
1110984
1110985
1110986
1110987
1110988
1110989
1110990
1110991
1110992
1110993
1110994
1110995
1110996
1110997
1110998
1110999
1111000
1111001
1111002
1111003
1111004
1111005
1111006
1111007
1111008
1111009
1111010
1111011
1111012
1111013
1111014
1111015
1111016
1111017
1111018
1111019
1111020
1111021
1111022
1111023
1111024
1111025
1111026
1111027
1111028
1111029
1111030
1111031
1111032
1111033
1111034
1111035
1111036
1111037
1111038
1111039
1111040
1111041
1111042
1111043
1111044
1111045
1111046
1111047
1111048
1111049
1111050
1111051
1111052
1111053
1111054
1111055
1111056
1111057
1111058
1111059
1111060
1111061
1111062
1111063
1111064
1111065
1111066
1111067
1111068
1111069
1111070
1111071
1111072
1111073
1111074
1111075
1111076
1111077
1111078
1111079
1111080
1111081
1111082
1111083
1111084
1111085
1111086
1111087
1111088
1111089
1111090
1111091
1111092
1111093
1111094
1111095
1111096
1111097
1111098
1111099
1111100
1111101
1111102
1111103
1111104
1111105
1111106
1111107
1111108
1111109
1111110
1111111
1111112
1111113
1111114
1111115
1111116
1111117
1111118
1111119
1111120
1111121
1111122
1111123
1111124
1111125
1111126
1111127
1111128
1111129
1111130
1111131
1111132
1111133
1111134
1111135
1111136
1111137
1111138
1111139
1111140
1111141
1111142
1111143
1111144
1111145
1111146
1111147
1111148
1111149
1111150
1111151
1111152
1111153
1111154
1111155
1111156
1111157
1111158
1111159
1111160
1111161
1111162
1111163
1111164
1111165
1111166
1111167
1111168
1111169
1111170
1111171
1111172
1111173
1111174
1111175
1111176
1111177
1111178
1111179
1111180
1111181
1111182
1111183
1111184
1111185
1111186
1111187
1111188
1111189
1111190
1111191
1111192
1111193
1111194
1111195
1111196
1111197
1111198
1111199
1111200
1111201
1111202
1111203
1111204
1111205
1111206
1111207
1111208
1111209
1111210
1111211
1111212
1111213
1111214
1111215
1111216
1111217
1111218
1111219
1111220
1111221
1111222
1111223
1111224
1111225
1111226
1111227
1111228
1111229
1111230
1111231
1111232
1111233
1111234
1111235
1111236
1111237
1111238
1111239
1111240
1111241
1111242
1111243
1111244
1111245
1111246
1111247
1111248
1111249
1111250
1111251
1111252
1111253
1111254
1111255
1111256
1111257
1111258
1111259
1111260
1111261
1111262
1111263
1111264
1111265
1111266
1111267
1111268
1111269
1111270
1111271
1111272
1111273
1111274
1111275
1111276
1111277
1111278
1111279
1111280
1111281
1111282
1111283
1111284
1111285
1111286
1111287
1111288
1111289
1111290
1111291
1111292
1111293
1111294
1111295
1111296
1111297
1111298
1111299
1111300
1111301
1111302
1111303
1111304
1111305
1111306
1111307
1111308
1111309
1111310
1111311
1111312
1111313
1111314
1111315
1111316
1111317
1111318
1111319
1111320
1111321
1111322
1111323
1111324
1111325
1111326
1111327
1111328
1111329
1111330
1111331
1111332
1111333
1111334
1111335
1111336
1111337
1111338
1111339
1111340
1111341
1111342
1111343
1111344
1111345
1111346
1111347
1111348
1111349
1111350
1111351
1111352
1111353
1111354
1111355
1111356
1111357
1111358
1111359
1111360
1111361
1111362
1111363
1111364
1111365
1111366
1111367
1111368
1111369
1111370
1111371
1111372
1111373
1111374
1111375
1111376
1111377
1111378
1111379
1111380
1111381
1111382
1111383
1111384
1111385
1111386
1111387
1111388
1111389
1111390
1111391
1111392
1111393
1111394
1111395
1111396
1111397
1111398
1111399
1111400
1111401
1111402
1111403
1111404
1111405
1111406
1111407
1111408
1111409
1111410
1111411
1111412
1111413
1111414
1111415
1111417
1111418
1111419
1111420
1111421
1111422
1111423
1111424
1111425
1111426
1111427
1111428
1111429
1111430
1111431
1111432
1111433
1111434
1111435
1111436
1111437
1111438
1111439
1111440
1111441
1111442
1111443
1111444
1111445
1111446
1111447
1111448
1111449
1111450
1111451
1111452
1111453
1111454
1111455
1111456
1111457
1111458
1111459
1111460
1111461
1111462
1111463
1111464
1111465
1111466
1111467
1111468
1111469
1111470
1111471
1111472
1111473
1111474
1111475
1111476
1111477
1111478
1111479
1111480
1111481
1111482
1111483
1111484
1111485
1111486
1111487
1111488
1111489
1111490
1111491
1111492
1111493
1111494
1111495
1111496
1111497
1111498
1111499
1111500
1111501
1111502
1111503
1111504
1111505
1111506
1111507
1111508
1111509
1111510
1111511
1111512
1111513
1111514
1111515
1111516
1111517
1111518
1111519
1111520
1111521
1111522
1111523
1111524
1111525
1111526
1111527
1111528
1111529
1111530
1111531
1111532
1111533
1111534
1111535
1111536
1111537
1111538
1111539
1111540
1111541
1111542
1111543
1111544
1111545
1111546
1111547
1111548
1111549
1111550
1111551
1111552
1111553
1111554
1111555
1111556
1111557
1111559
1111560
1111561
1111562
1111563
1111564
1111565
1111566
1111567
1111568
1111569
1111570
1111571
1111572
1111573
1111574
1111575
1111576
1111577
1111578
1111579
1111580
1111581
1111582
1111583
1111584
1111585
1111586
1111587
1111588
1111589
1111590
1111591
1111592
1111593
1111594
1111595
1111596
1111597
1111598
1111599
1111600
1111601
1111602
1111603
1111604
1111605
1111606
1111607
1111608
1111609
1111610
1111611
1111612
1111613
1111614
1111615
1111616
1111617
1111618
1111619
1111620
1111621
1111622
1111623
1111624
1111625
1111626
1111627
1111628
1111629
1111630
1111631
1111632
1111633
1111634
1111635
1111636
1111637
1111638
1111639
1111640
1111641
1111642
1111643
1111644
1111645
1111646
1111647
1111648
1111649
1111650
1111651
1111652
1111653
1111654
1111655
1111656
1111657
1111658
1111659
1111660
1111661
1111662
1111663
1111664
1111665
1111666
1111667
1111668
1111669
1111670
1111671
1111672
1111673
1111674
1111675
1111676
1111677
1111678
1111679
1111680
1111681
1111682
1111683
1111684
1111685
1111686
1111687
1111688
1111689
1111690
1111691
1111692
1111693
1111694
1111695
1111696
1111697
1111698
1111699
1111700
1111701
1111702
1111703
1111704
1111705
1111706
1111707
1111708
1111709
1111710
1111711
1111712
1111713
1111714
1111715
1111716
1111717
1111718
1111719
1111720
1111721
1111723
1111724
1111725
1111726
1111727
1111728
1111729
1111730
1111731
1111732
1111733
1111734
1111735
1111736
1111737
1111738
1111739
1111740
1111741
1111742
1111743
1111744
1111745
1111746
1111747
1111748
1111749
1111750
1111751
1111752
1111753
1111754
1111755
1111756
1111757
1111758
1111759
1111760
1111761
1111762
1111763
1111764
1111765
1111766
1111767
1111768
1111769
1111770
1111771
1111772
1111773
1111774
1111775
1111776
1111777
1111778
1111779
1111780
1111781
1111782
1111783
1111784
1111785
1111786
1111787
1111788
1111789
1111790
1111791
1111792
1111793
1111794
1111795
1111796
1111797
1111798
1111799
1111800
1111801
1111802
1111803
1111804
1111805
1111806
1111807
1111808
1111809
1111810
1111811
1111812
1111813
1111814
1111815
1111816
1111817
1111818
1111819
1111820
1111821
1111822
1111823
1111824
1111825
1111826
1111827
1111828
1111829
1111830
1111831
1111832
1111833
1111834
1111835
1111836
1111837
1111838
1111839
1111840
1111841
1111842
1111843
1111844
1111845
1111846
1111847
1111848
1111849
1111850
1111851
1111852
1111853
1111854
1111855
1111856
1111857
1111858
1111859
1111860
1111861
1111862
1111863
1111864
1111865
1111866
1111867
1111868
1111869
1111870
1111871
1111872
1111873
1111874
1111875
1111876
1111877
1111878
1111879
1111880
1111881
1111882
1111883
1111884
1111885
1111886
1111887
1111888
1111889
1111890
1111891
1111892
1111894
1111895
1111896
1111897
1111898
1111899
1111900
1111901
1111902
1111903
1111904
1111905
1111906
1111907
1111908
1111909
1111910
1111911
1111912
1111913
1111914
1111915
1111916
1111917
1111918
1111919
1111920
1111921
1111922
1111923
1111924
1111925
1111926
1111927
1111928
1111929
1111930
1111931
1111932
1111933
1111934
1111935
1111936
1111937
1111938
1111939
1111940
1111941
1111942
1111943
1111944
1111945
1111946
1111947
1111948
1111949
1111950
1111951
1111952
1111953
1111954
1111955
1111956
1111957
1111958
1111959
1111960
1111961
1111962
1111963
1111964
1111965
1111966
1111967
1111968
1111969
1111970
1111971
1111972
1111973
1111974
1111975
1111976
1111977
1111978
1111979
1111980
1111981
1111982
1111983
1111984
1111985
1111986
1111987
1111988
1111989
1111990
1111991
1111992
1111993
1111994
1111995
1111996
1111997
1111998
1111999
1112000
1112001
1112002
1112003
1112004
1112005
1112006
1112007
1112008
1112009
1112010
1112011
1112012
1112013
1112014
1112015
1112016
1112017
1112018
1112019
1112020
1112021
1112022
1112023
1112024
1112025
1112026
1112027
1112028
1112029
1112030
1112031
1112032
1112033
1112034
1112035
1112036
1112037
1112038
1112039
1112040
1112041
1112042
1112043
1112044
1112045
1112046
1112047
1112048
1112049
1112050
1112051
1112052
1112053
1112054
1112055
1112056
1112057
1112058
1112059
1112060
1112061
1112062
1112063
1112064
1112065
1112066
1112067
1112068
1112069
1112070
1112071
1112072
1112073
1112074
1112075
1112076
1112077
1112078
1112079
1112080
1112081
1112082
1112083
1112084
1112085
1112086
1112087
1112088
1112089
1112090
1112091
1112092
1112093
1112094
1112095
1112096
1112097
1112098
1112099
1112100
1112101
1112102
1112103
1112104
1112105
1112106
1112107
1112108
1112109
1112110
1112111
1112112
1112113
1112114
1112115
1112116
1112117
1112118
1112119
1112120
1112121
1112122
1112123
1112124
1112125
1112126
1112127
1112128
1112129
1112130
1112131
1112132
1112133
1112134
1112135
1112136
1112137
1112138
1112139
1112140
1112141
1112142
1112143
1112144
1112145
1112146
1112147
1112148
1112149
1112150
1112151
1112152
1112153
1112154
1112155
1112156
1112157
1112158
1112159
1112160
1112161
1112162
1112163
1112164
1112165
1112166
1112167
1112168
1112169
1112170
1112171
1112172
1112173
1112174
1112175
1112176
1112177
1112178
1112179
1112180
1112181
1112182
1112183
1112184
1112185
1112186
1112187
1112188
1112189
1112190
1112191
1112192
1112193
1112194
1112195
1112196
1112197
1112198
1112199
1112200
1112201
1112202
1112203
1112204
1112205
1112206
1112207
1112208
1112209
1112210
1112211
1112212
1112213
1112214
1112215
1112216
1112217
1112218
1112219
1112220
1112221
1112222
1112223
1112224
1112225
1112226
1112227
1112228
1112229
1112230
1112231
1112232
1112233
1112234
1112235
1112236
1112237
1112238
1112239
1112240
1112241
1112242
1112243
1112244
1112245
1112246
1112247
1112248
1112249
1112250
1112251
1112252
1112253
1112254
1112255
1112256
1112257
1112258
1112259
1112260
1112261
1112262
1112263
1112264
1112265
1112266
1112267
1112268
1112269
1112270
1112271
1112272
1112273
1112274
1112276
1112277
1112278
1112279
1112280
1112281
1112282
1112283
1112284
1112285
1112286
1112287
1112288
1112289
1112290
1112291
1112292
1112293
1112294
1112295
1112296
1112297
1112298
1112299
1112300
1112301
1112302
1112303
1112304
1112305
1112306
1112307
1112308
1112309
1112310
1112311
1112312
1112313
1112314
1112315
1112316
1112317
1112318
1112319
1112320
1112321
1112322
1112323
1112324
1112325
1112326
1112327
1112328
1112329
1112330
1112331
1112332
1112333
1112334
1112335
1112336
1112337
1112338
1112339
1112340
1112341
1112342
1112343
1112344
1112345
1112346
1112347
1112348
1112349
1112350
1112351
1112352
1112353
1112354
1112355
1112356
1112357
1112358
1112359
1112360
1112361
1112362
1112363
1112364
1112365
1112366
1112367
1112368
1112369
1112370
1112371
1112372
1112373
1112374
1112375
1112376
1112377
1112378
1112379
1112380
1112381
1112382
1112383
1112384
1112385
1112386
1112387
1112388
1112389
1112390
1112391
1112392
1112393
1112394
1112395
1112396
1112397
1112398
1112399
1112400
1112401
1112402
1112403
1112404
1112405
1112406
1112407
1112408
1112409
1112410
1112411
1112412
1112413
1112414
1112415
1112416
1112417
1112418
1112419
1112420
1112421
1112422
1112423
1112424
1112425
1112426
1112427
1112428
1112429
1112430
1112431
1112432
1112433
1112434
1112435
1112436
1112437
1112438
1112439
1112440
1112441
1112442
1112443
1112444
1112445
1112446
1112447
1112448
1112449
1112450
1112451
1112452
